0 81 0.0000
1 81 0.0000
2 81 0.0000
3 81 0.0000
4 81 0.0000
5 81 0.0000
6 81 0.0000
7 81 0.0000
8 81 0.0000
9 81 0.0000
10 81 0.0000
11 81 0.0000
12 81 0.0000
13 81 0.0000
14 81 0.0000
15 81 0.0000
16 81 0.0000
17 81 0.0000
18 81 0.0000
19 81 0.0000
20 81 0.0000
21 81 0.0000
22 81 0.0000
23 81 0.0000
24 81 0.0000
25 81 0.0000
26 81 0.0000
27 81 0.0000
28 81 0.0000
29 81 0.0000
30 81 0.0000
31 81 0.0000
32 81 0.0000
33 81 0.0000
34 81 0.0000
35 81 0.0000
36 81 0.0000
37 81 0.0000
38 81 0.0000
39 81 0.0000
40 81 0.0000
41 81 0.0000
42 81 0.0000
43 81 0.0000
44 81 0.0000
45 81 0.0000
46 81 0.0000
47 81 0.0000
48 81 0.0000
49 81 0.0000
50 81 0.0000
51 81 0.0000
52 81 0.0000
53 81 0.0000
54 81 0.0000
55 81 0.0000
56 81 0.0000
57 81 0.0000
58 81 0.0000
59 81 0.0000
60 81 0.0000
61 81 0.0000
62 81 0.0000
63 81 0.0000
64 81 0.0000
65 81 0.0000
66 81 0.0000
67 81 0.0000
68 81 0.0000
69 81 0.0000
70 81 0.0000
71 81 0.0000
72 81 0.0000
73 81 0.0000
74 81 0.0000
75 81 0.0000
76 81 0.0000
77 81 0.0000
78 81 0.0000
79 81 0.0000
80 81 0.0000
81 81 0.0000
0 80 0.0000
1 80 6400.0000
2 80 12640.0000
3 80 18720.0000
4 80 24640.0000
5 80 30400.0000
6 80 36000.0000
7 80 41440.0000
8 80 46720.0000
9 80 51840.0000
10 80 56800.0000
11 80 61600.0000
12 80 66240.0000
13 80 70720.0000
14 80 75040.0000
15 80 79200.0000
16 80 83200.0000
17 80 87040.0000
18 80 90720.0000
19 80 94240.0000
20 80 97600.0000
21 80 100800.0000
22 80 103840.0000
23 80 106720.0000
24 80 109440.0000
25 80 112000.0000
26 80 114400.0000
27 80 116640.0000
28 80 118720.0000
29 80 120640.0000
30 80 122400.0000
31 80 124000.0000
32 80 125440.0000
33 80 126720.0000
34 80 127840.0000
35 80 128800.0000
36 80 129600.0000
37 80 130240.0000
38 80 130720.0000
39 80 131040.0000
40 80 131200.0000
41 80 131200.0000
42 80 131040.0000
43 80 130720.0000
44 80 130240.0000
45 80 129600.0000
46 80 128800.0000
47 80 127840.0000
48 80 126720.0000
49 80 125440.0000
50 80 124000.0000
51 80 122400.0000
52 80 120640.0000
53 80 118720.0000
54 80 116640.0000
55 80 114400.0000
56 80 112000.0000
57 80 109440.0000
58 80 106720.0000
59 80 103840.0000
60 80 100800.0000
61 80 97600.0000
62 80 94240.0000
63 80 90720.0000
64 80 87040.0000
65 80 83200.0000
66 80 79200.0000
67 80 75040.0000
68 80 70720.0000
69 80 66240.0000
70 80 61600.0000
71 80 56800.0000
72 80 51840.0000
73 80 46720.0000
74 80 41440.0000
75 80 36000.0000
76 80 30400.0000
77 80 24640.0000
78 80 18720.0000
79 80 12640.0000
80 80 6400.0000
81 80 0.0000
0 79 0.0000
1 79 12640.0000
2 79 24964.0000
3 79 36972.0000
4 79 48664.0000
5 79 60040.0000
6 79 71100.0000
7 79 81844.0000
8 79 92272.0000
9 79 102384.0000
10 79 112180.0000
11 79 121660.0000
12 79 130824.0000
13 79 139672.0000
14 79 148204.0000
15 79 156420.0000
16 79 164320.0000
17 79 171904.0000
18 79 179172.0000
19 79 186124.0000
20 79 192760.0000
21 79 199080.0000
22 79 205084.0000
23 79 210772.0000
24 79 216144.0000
25 79 221200.0000
26 79 225940.0000
27 79 230364.0000
28 79 234472.0000
29 79 238264.0000
30 79 241740.0000
31 79 244900.0000
32 79 247744.0000
33 79 250272.0000
34 79 252484.0000
35 79 254380.0000
36 79 255960.0000
37 79 257224.0000
38 79 258172.0000
39 79 258804.0000
40 79 259120.0000
41 79 259120.0000
42 79 258804.0000
43 79 258172.0000
44 79 257224.0000
45 79 255960.0000
46 79 254380.0000
47 79 252484.0000
48 79 250272.0000
49 79 247744.0000
50 79 244900.0000
51 79 241740.0000
52 79 238264.0000
53 79 234472.0000
54 79 230364.0000
55 79 225940.0000
56 79 221200.0000
57 79 216144.0000
58 79 210772.0000
59 79 205084.0000
60 79 199080.0000
61 79 192760.0000
62 79 186124.0000
63 79 179172.0000
64 79 171904.0000
65 79 164320.0000
66 79 156420.0000
67 79 148204.0000
68 79 139672.0000
69 79 130824.0000
70 79 121660.0000
71 79 112180.0000
72 79 102384.0000
73 79 92272.0000
74 79 81844.0000
75 79 71100.0000
76 79 60040.0000
77 79 48664.0000
78 79 36972.0000
79 79 24964.0000
80 79 12640.0000
81 79 0.0000
0 78 0.0000
1 78 18720.0000
2 78 36972.0000
3 78 54756.0000
4 78 72072.0000
5 78 88920.0000
6 78 105300.0000
7 78 121212.0000
8 78 136656.0000
9 78 151632.0000
10 78 166140.0000
11 78 180180.0000
12 78 193752.0000
13 78 206856.0000
14 78 219492.0000
15 78 231660.0000
16 78 243360.0000
17 78 254592.0000
18 78 265356.0000
19 78 275652.0000
20 78 285480.0000
21 78 294840.0000
22 78 303732.0000
23 78 312156.0000
24 78 320112.0000
25 78 327600.0000
26 78 334620.0000
27 78 341172.0000
28 78 347256.0000
29 78 352872.0000
30 78 358020.0000
31 78 362700.0000
32 78 366912.0000
33 78 370656.0000
34 78 373932.0000
35 78 376740.0000
36 78 379080.0000
37 78 380952.0000
38 78 382356.0000
39 78 383292.0000
40 78 383760.0000
41 78 383760.0000
42 78 383292.0000
43 78 382356.0000
44 78 380952.0000
45 78 379080.0000
46 78 376740.0000
47 78 373932.0000
48 78 370656.0000
49 78 366912.0000
50 78 362700.0000
51 78 358020.0000
52 78 352872.0000
53 78 347256.0000
54 78 341172.0000
55 78 334620.0000
56 78 327600.0000
57 78 320112.0000
58 78 312156.0000
59 78 303732.0000
60 78 294840.0000
61 78 285480.0000
62 78 275652.0000
63 78 265356.0000
64 78 254592.0000
65 78 243360.0000
66 78 231660.0000
67 78 219492.0000
68 78 206856.0000
69 78 193752.0000
70 78 180180.0000
71 78 166140.0000
72 78 151632.0000
73 78 136656.0000
74 78 121212.0000
75 78 105300.0000
76 78 88920.0000
77 78 72072.0000
78 78 54756.0000
79 78 36972.0000
80 78 18720.0000
81 78 0.0000
0 77 0.0000
1 77 24640.0000
2 77 48664.0000
3 77 72072.0000
4 77 94864.0000
5 77 117040.0000
6 77 138600.0000
7 77 159544.0000
8 77 179872.0000
9 77 199584.0000
10 77 218680.0000
11 77 237160.0000
12 77 255024.0000
13 77 272272.0000
14 77 288904.0000
15 77 304920.0000
16 77 320320.0000
17 77 335104.0000
18 77 349272.0000
19 77 362824.0000
20 77 375760.0000
21 77 388080.0000
22 77 399784.0000
23 77 410872.0000
24 77 421344.0000
25 77 431200.0000
26 77 440440.0000
27 77 449064.0000
28 77 457072.0000
29 77 464464.0000
30 77 471240.0000
31 77 477400.0000
32 77 482944.0000
33 77 487872.0000
34 77 492184.0000
35 77 495880.0000
36 77 498960.0000
37 77 501424.0000
38 77 503272.0000
39 77 504504.0000
40 77 505120.0000
41 77 505120.0000
42 77 504504.0000
43 77 503272.0000
44 77 501424.0000
45 77 498960.0000
46 77 495880.0000
47 77 492184.0000
48 77 487872.0000
49 77 482944.0000
50 77 477400.0000
51 77 471240.0000
52 77 464464.0000
53 77 457072.0000
54 77 449064.0000
55 77 440440.0000
56 77 431200.0000
57 77 421344.0000
58 77 410872.0000
59 77 399784.0000
60 77 388080.0000
61 77 375760.0000
62 77 362824.0000
63 77 349272.0000
64 77 335104.0000
65 77 320320.0000
66 77 304920.0000
67 77 288904.0000
68 77 272272.0000
69 77 255024.0000
70 77 237160.0000
71 77 218680.0000
72 77 199584.0000
73 77 179872.0000
74 77 159544.0000
75 77 138600.0000
76 77 117040.0000
77 77 94864.0000
78 77 72072.0000
79 77 48664.0000
80 77 24640.0000
81 77 0.0000
0 76 0.0000
1 76 30400.0000
2 76 60040.0000
3 76 88920.0000
4 76 117040.0000
5 76 144400.0000
6 76 171000.0000
7 76 196840.0000
8 76 221920.0000
9 76 246240.0000
10 76 269800.0000
11 76 292600.0000
12 76 314640.0000
13 76 335920.0000
14 76 356440.0000
15 76 376200.0000
16 76 395200.0000
17 76 413440.0000
18 76 430920.0000
19 76 447640.0000
20 76 463600.0000
21 76 478800.0000
22 76 493240.0000
23 76 506920.0000
24 76 519840.0000
25 76 532000.0000
26 76 543400.0000
27 76 554040.0000
28 76 563920.0000
29 76 573040.0000
30 76 581400.0000
31 76 589000.0000
32 76 595840.0000
33 76 601920.0000
34 76 607240.0000
35 76 611800.0000
36 76 615600.0000
37 76 618640.0000
38 76 620920.0000
39 76 622440.0000
40 76 623200.0000
41 76 623200.0000
42 76 622440.0000
43 76 620920.0000
44 76 618640.0000
45 76 615600.0000
46 76 611800.0000
47 76 607240.0000
48 76 601920.0000
49 76 595840.0000
50 76 589000.0000
51 76 581400.0000
52 76 573040.0000
53 76 563920.0000
54 76 554040.0000
55 76 543400.0000
56 76 532000.0000
57 76 519840.0000
58 76 506920.0000
59 76 493240.0000
60 76 478800.0000
61 76 463600.0000
62 76 447640.0000
63 76 430920.0000
64 76 413440.0000
65 76 395200.0000
66 76 376200.0000
67 76 356440.0000
68 76 335920.0000
69 76 314640.0000
70 76 292600.0000
71 76 269800.0000
72 76 246240.0000
73 76 221920.0000
74 76 196840.0000
75 76 171000.0000
76 76 144400.0000
77 76 117040.0000
78 76 88920.0000
79 76 60040.0000
80 76 30400.0000
81 76 0.0000
0 75 0.0000
1 75 36000.0000
2 75 71100.0000
3 75 105300.0000
4 75 138600.0000
5 75 171000.0000
6 75 202500.0000
7 75 233100.0000
8 75 262800.0000
9 75 291600.0000
10 75 319500.0000
11 75 346500.0000
12 75 372600.0000
13 75 397800.0000
14 75 422100.0000
15 75 445500.0000
16 75 468000.0000
17 75 489600.0000
18 75 510300.0000
19 75 530100.0000
20 75 549000.0000
21 75 567000.0000
22 75 584100.0000
23 75 600300.0000
24 75 615600.0000
25 75 630000.0000
26 75 643500.0000
27 75 656100.0000
28 75 667800.0000
29 75 678600.0000
30 75 688500.0000
31 75 697500.0000
32 75 705600.0000
33 75 712800.0000
34 75 719100.0000
35 75 724500.0000
36 75 729000.0000
37 75 732600.0000
38 75 735300.0000
39 75 737100.0000
40 75 738000.0000
41 75 738000.0000
42 75 737100.0000
43 75 735300.0000
44 75 732600.0000
45 75 729000.0000
46 75 724500.0000
47 75 719100.0000
48 75 712800.0000
49 75 705600.0000
50 75 697500.0000
51 75 688500.0000
52 75 678600.0000
53 75 667800.0000
54 75 656100.0000
55 75 643500.0000
56 75 630000.0000
57 75 615600.0000
58 75 600300.0000
59 75 584100.0000
60 75 567000.0000
61 75 549000.0000
62 75 530100.0000
63 75 510300.0000
64 75 489600.0000
65 75 468000.0000
66 75 445500.0000
67 75 422100.0000
68 75 397800.0000
69 75 372600.0000
70 75 346500.0000
71 75 319500.0000
72 75 291600.0000
73 75 262800.0000
74 75 233100.0000
75 75 202500.0000
76 75 171000.0000
77 75 138600.0000
78 75 105300.0000
79 75 71100.0000
80 75 36000.0000
81 75 0.0000
0 74 0.0000
1 74 41440.0000
2 74 81844.0000
3 74 121212.0000
4 74 159544.0000
5 74 196840.0000
6 74 233100.0000
7 74 268324.0000
8 74 302512.0000
9 74 335664.0000
10 74 367780.0000
11 74 398860.0000
12 74 428904.0000
13 74 457912.0000
14 74 485884.0000
15 74 512820.0000
16 74 538720.0000
17 74 563584.0000
18 74 587412.0000
19 74 610204.0000
20 74 631960.0000
21 74 652680.0000
22 74 672364.0000
23 74 691012.0000
24 74 708624.0000
25 74 725200.0000
26 74 740740.0000
27 74 755244.0000
28 74 768712.0000
29 74 781144.0000
30 74 792540.0000
31 74 802900.0000
32 74 812224.0000
33 74 820512.0000
34 74 827764.0000
35 74 833980.0000
36 74 839160.0000
37 74 843304.0000
38 74 846412.0000
39 74 848484.0000
40 74 849520.0000
41 74 849520.0000
42 74 848484.0000
43 74 846412.0000
44 74 843304.0000
45 74 839160.0000
46 74 833980.0000
47 74 827764.0000
48 74 820512.0000
49 74 812224.0000
50 74 802900.0000
51 74 792540.0000
52 74 781144.0000
53 74 768712.0000
54 74 755244.0000
55 74 740740.0000
56 74 725200.0000
57 74 708624.0000
58 74 691012.0000
59 74 672364.0000
60 74 652680.0000
61 74 631960.0000
62 74 610204.0000
63 74 587412.0000
64 74 563584.0000
65 74 538720.0000
66 74 512820.0000
67 74 485884.0000
68 74 457912.0000
69 74 428904.0000
70 74 398860.0000
71 74 367780.0000
72 74 335664.0000
73 74 302512.0000
74 74 268324.0000
75 74 233100.0000
76 74 196840.0000
77 74 159544.0000
78 74 121212.0000
79 74 81844.0000
80 74 41440.0000
81 74 0.0000
0 73 0.0000
1 73 46720.0000
2 73 92272.0000
3 73 136656.0000
4 73 179872.0000
5 73 221920.0000
6 73 262800.0000
7 73 302512.0000
8 73 341056.0000
9 73 378432.0000
10 73 414640.0000
11 73 449680.0000
12 73 483552.0000
13 73 516256.0000
14 73 547792.0000
15 73 578160.0000
16 73 607360.0000
17 73 635392.0000
18 73 662256.0000
19 73 687952.0000
20 73 712480.0000
21 73 735840.0000
22 73 758032.0000
23 73 779056.0000
24 73 798912.0000
25 73 817600.0000
26 73 835120.0000
27 73 851472.0000
28 73 866656.0000
29 73 880672.0000
30 73 893520.0000
31 73 905200.0000
32 73 915712.0000
33 73 925056.0000
34 73 933232.0000
35 73 940240.0000
36 73 946080.0000
37 73 950752.0000
38 73 954256.0000
39 73 956592.0000
40 73 957760.0000
41 73 957760.0000
42 73 956592.0000
43 73 954256.0000
44 73 950752.0000
45 73 946080.0000
46 73 940240.0000
47 73 933232.0000
48 73 925056.0000
49 73 915712.0000
50 73 905200.0000
51 73 893520.0000
52 73 880672.0000
53 73 866656.0000
54 73 851472.0000
55 73 835120.0000
56 73 817600.0000
57 73 798912.0000
58 73 779056.0000
59 73 758032.0000
60 73 735840.0000
61 73 712480.0000
62 73 687952.0000
63 73 662256.0000
64 73 635392.0000
65 73 607360.0000
66 73 578160.0000
67 73 547792.0000
68 73 516256.0000
69 73 483552.0000
70 73 449680.0000
71 73 414640.0000
72 73 378432.0000
73 73 341056.0000
74 73 302512.0000
75 73 262800.0000
76 73 221920.0000
77 73 179872.0000
78 73 136656.0000
79 73 92272.0000
80 73 46720.0000
81 73 0.0000
0 72 0.0000
1 72 51840.0000
2 72 102384.0000
3 72 151632.0000
4 72 199584.0000
5 72 246240.0000
6 72 291600.0000
7 72 335664.0000
8 72 378432.0000
9 72 419904.0000
10 72 460080.0000
11 72 498960.0000
12 72 536544.0000
13 72 572832.0000
14 72 607824.0000
15 72 641520.0000
16 72 673920.0000
17 72 705024.0000
18 72 734832.0000
19 72 763344.0000
20 72 790560.0000
21 72 816480.0000
22 72 841104.0000
23 72 864432.0000
24 72 886464.0000
25 72 907200.0000
26 72 926640.0000
27 72 944784.0000
28 72 961632.0000
29 72 977184.0000
30 72 991440.0000
31 72 1004400.0000
32 72 1016064.0000
33 72 1026432.0000
34 72 1035504.0000
35 72 1043280.0000
36 72 1049760.0000
37 72 1054944.0000
38 72 1058832.0000
39 72 1061424.0000
40 72 1062720.0000
41 72 1062720.0000
42 72 1061424.0000
43 72 1058832.0000
44 72 1054944.0000
45 72 1049760.0000
46 72 1043280.0000
47 72 1035504.0000
48 72 1026432.0000
49 72 1016064.0000
50 72 1004400.0000
51 72 991440.0000
52 72 977184.0000
53 72 961632.0000
54 72 944784.0000
55 72 926640.0000
56 72 907200.0000
57 72 886464.0000
58 72 864432.0000
59 72 841104.0000
60 72 816480.0000
61 72 790560.0000
62 72 763344.0000
63 72 734832.0000
64 72 705024.0000
65 72 673920.0000
66 72 641520.0000
67 72 607824.0000
68 72 572832.0000
69 72 536544.0000
70 72 498960.0000
71 72 460080.0000
72 72 419904.0000
73 72 378432.0000
74 72 335664.0000
75 72 291600.0000
76 72 246240.0000
77 72 199584.0000
78 72 151632.0000
79 72 102384.0000
80 72 51840.0000
81 72 0.0000
0 71 0.0000
1 71 56800.0000
2 71 112180.0000
3 71 166140.0000
4 71 218680.0000
5 71 269800.0000
6 71 319500.0000
7 71 367780.0000
8 71 414640.0000
9 71 460080.0000
10 71 504100.0000
11 71 546700.0000
12 71 587880.0000
13 71 627640.0000
14 71 665980.0000
15 71 702900.0000
16 71 738400.0000
17 71 772480.0000
18 71 805140.0000
19 71 836380.0000
20 71 866200.0000
21 71 894600.0000
22 71 921580.0000
23 71 947140.0000
24 71 971280.0000
25 71 994000.0000
26 71 1015300.0000
27 71 1035180.0000
28 71 1053640.0000
29 71 1070680.0000
30 71 1086300.0000
31 71 1100500.0000
32 71 1113280.0000
33 71 1124640.0000
34 71 1134580.0000
35 71 1143100.0000
36 71 1150200.0000
37 71 1155880.0000
38 71 1160140.0000
39 71 1162980.0000
40 71 1164400.0000
41 71 1164400.0000
42 71 1162980.0000
43 71 1160140.0000
44 71 1155880.0000
45 71 1150200.0000
46 71 1143100.0000
47 71 1134580.0000
48 71 1124640.0000
49 71 1113280.0000
50 71 1100500.0000
51 71 1086300.0000
52 71 1070680.0000
53 71 1053640.0000
54 71 1035180.0000
55 71 1015300.0000
56 71 994000.0000
57 71 971280.0000
58 71 947140.0000
59 71 921580.0000
60 71 894600.0000
61 71 866200.0000
62 71 836380.0000
63 71 805140.0000
64 71 772480.0000
65 71 738400.0000
66 71 702900.0000
67 71 665980.0000
68 71 627640.0000
69 71 587880.0000
70 71 546700.0000
71 71 504100.0000
72 71 460080.0000
73 71 414640.0000
74 71 367780.0000
75 71 319500.0000
76 71 269800.0000
77 71 218680.0000
78 71 166140.0000
79 71 112180.0000
80 71 56800.0000
81 71 0.0000
0 70 0.0000
1 70 61600.0000
2 70 121660.0000
3 70 180180.0000
4 70 237160.0000
5 70 292600.0000
6 70 346500.0000
7 70 398860.0000
8 70 449680.0000
9 70 498960.0000
10 70 546700.0000
11 70 592900.0000
12 70 637560.0000
13 70 680680.0000
14 70 722260.0000
15 70 762300.0000
16 70 800800.0000
17 70 837760.0000
18 70 873180.0000
19 70 907060.0000
20 70 939400.0000
21 70 970200.0000
22 70 999460.0000
23 70 1027180.0000
24 70 1053360.0000
25 70 1078000.0000
26 70 1101100.0000
27 70 1122660.0000
28 70 1142680.0000
29 70 1161160.0000
30 70 1178100.0000
31 70 1193500.0000
32 70 1207360.0000
33 70 1219680.0000
34 70 1230460.0000
35 70 1239700.0000
36 70 1247400.0000
37 70 1253560.0000
38 70 1258180.0000
39 70 1261260.0000
40 70 1262800.0000
41 70 1262800.0000
42 70 1261260.0000
43 70 1258180.0000
44 70 1253560.0000
45 70 1247400.0000
46 70 1239700.0000
47 70 1230460.0000
48 70 1219680.0000
49 70 1207360.0000
50 70 1193500.0000
51 70 1178100.0000
52 70 1161160.0000
53 70 1142680.0000
54 70 1122660.0000
55 70 1101100.0000
56 70 1078000.0000
57 70 1053360.0000
58 70 1027180.0000
59 70 999460.0000
60 70 970200.0000
61 70 939400.0000
62 70 907060.0000
63 70 873180.0000
64 70 837760.0000
65 70 800800.0000
66 70 762300.0000
67 70 722260.0000
68 70 680680.0000
69 70 637560.0000
70 70 592900.0000
71 70 546700.0000
72 70 498960.0000
73 70 449680.0000
74 70 398860.0000
75 70 346500.0000
76 70 292600.0000
77 70 237160.0000
78 70 180180.0000
79 70 121660.0000
80 70 61600.0000
81 70 0.0000
0 69 0.0000
1 69 66240.0000
2 69 130824.0000
3 69 193752.0000
4 69 255024.0000
5 69 314640.0000
6 69 372600.0000
7 69 428904.0000
8 69 483552.0000
9 69 536544.0000
10 69 587880.0000
11 69 637560.0000
12 69 685584.0000
13 69 731952.0000
14 69 776664.0000
15 69 819720.0000
16 69 861120.0000
17 69 900864.0000
18 69 938952.0000
19 69 975384.0000
20 69 1010160.0000
21 69 1043280.0000
22 69 1074744.0000
23 69 1104552.0000
24 69 1132704.0000
25 69 1159200.0000
26 69 1184040.0000
27 69 1207224.0000
28 69 1228752.0000
29 69 1248624.0000
30 69 1266840.0000
31 69 1283400.0000
32 69 1298304.0000
33 69 1311552.0000
34 69 1323144.0000
35 69 1333080.0000
36 69 1341360.0000
37 69 1347984.0000
38 69 1352952.0000
39 69 1356264.0000
40 69 1357920.0000
41 69 1357920.0000
42 69 1356264.0000
43 69 1352952.0000
44 69 1347984.0000
45 69 1341360.0000
46 69 1333080.0000
47 69 1323144.0000
48 69 1311552.0000
49 69 1298304.0000
50 69 1283400.0000
51 69 1266840.0000
52 69 1248624.0000
53 69 1228752.0000
54 69 1207224.0000
55 69 1184040.0000
56 69 1159200.0000
57 69 1132704.0000
58 69 1104552.0000
59 69 1074744.0000
60 69 1043280.0000
61 69 1010160.0000
62 69 975384.0000
63 69 938952.0000
64 69 900864.0000
65 69 861120.0000
66 69 819720.0000
67 69 776664.0000
68 69 731952.0000
69 69 685584.0000
70 69 637560.0000
71 69 587880.0000
72 69 536544.0000
73 69 483552.0000
74 69 428904.0000
75 69 372600.0000
76 69 314640.0000
77 69 255024.0000
78 69 193752.0000
79 69 130824.0000
80 69 66240.0000
81 69 0.0000
0 68 0.0000
1 68 70720.0000
2 68 139672.0000
3 68 206856.0000
4 68 272272.0000
5 68 335920.0000
6 68 397800.0000
7 68 457912.0000
8 68 516256.0000
9 68 572832.0000
10 68 627640.0000
11 68 680680.0000
12 68 731952.0000
13 68 781456.0000
14 68 829192.0000
15 68 875160.0000
16 68 919360.0000
17 68 961792.0000
18 68 1002456.0000
19 68 1041352.0000
20 68 1078480.0000
21 68 1113840.0000
22 68 1147432.0000
23 68 1179256.0000
24 68 1209312.0000
25 68 1237600.0000
26 68 1264120.0000
27 68 1288872.0000
28 68 1311856.0000
29 68 1333072.0000
30 68 1352520.0000
31 68 1370200.0000
32 68 1386112.0000
33 68 1400256.0000
34 68 1412632.0000
35 68 1423240.0000
36 68 1432080.0000
37 68 1439152.0000
38 68 1444456.0000
39 68 1447992.0000
40 68 1449760.0000
41 68 1449760.0000
42 68 1447992.0000
43 68 1444456.0000
44 68 1439152.0000
45 68 1432080.0000
46 68 1423240.0000
47 68 1412632.0000
48 68 1400256.0000
49 68 1386112.0000
50 68 1370200.0000
51 68 1352520.0000
52 68 1333072.0000
53 68 1311856.0000
54 68 1288872.0000
55 68 1264120.0000
56 68 1237600.0000
57 68 1209312.0000
58 68 1179256.0000
59 68 1147432.0000
60 68 1113840.0000
61 68 1078480.0000
62 68 1041352.0000
63 68 1002456.0000
64 68 961792.0000
65 68 919360.0000
66 68 875160.0000
67 68 829192.0000
68 68 781456.0000
69 68 731952.0000
70 68 680680.0000
71 68 627640.0000
72 68 572832.0000
73 68 516256.0000
74 68 457912.0000
75 68 397800.0000
76 68 335920.0000
77 68 272272.0000
78 68 206856.0000
79 68 139672.0000
80 68 70720.0000
81 68 0.0000
0 67 0.0000
1 67 75040.0000
2 67 148204.0000
3 67 219492.0000
4 67 288904.0000
5 67 356440.0000
6 67 422100.0000
7 67 485884.0000
8 67 547792.0000
9 67 607824.0000
10 67 665980.0000
11 67 722260.0000
12 67 776664.0000
13 67 829192.0000
14 67 879844.0000
15 67 928620.0000
16 67 975520.0000
17 67 1020544.0000
18 67 1063692.0000
19 67 1104964.0000
20 67 1144360.0000
21 67 1181880.0000
22 67 1217524.0000
23 67 1251292.0000
24 67 1283184.0000
25 67 1313200.0000
26 67 1341340.0000
27 67 1367604.0000
28 67 1391992.0000
29 67 1414504.0000
30 67 1435140.0000
31 67 1453900.0000
32 67 1470784.0000
33 67 1485792.0000
34 67 1498924.0000
35 67 1510180.0000
36 67 1519560.0000
37 67 1527064.0000
38 67 1532692.0000
39 67 1536444.0000
40 67 1538320.0000
41 67 1538320.0000
42 67 1536444.0000
43 67 1532692.0000
44 67 1527064.0000
45 67 1519560.0000
46 67 1510180.0000
47 67 1498924.0000
48 67 1485792.0000
49 67 1470784.0000
50 67 1453900.0000
51 67 1435140.0000
52 67 1414504.0000
53 67 1391992.0000
54 67 1367604.0000
55 67 1341340.0000
56 67 1313200.0000
57 67 1283184.0000
58 67 1251292.0000
59 67 1217524.0000
60 67 1181880.0000
61 67 1144360.0000
62 67 1104964.0000
63 67 1063692.0000
64 67 1020544.0000
65 67 975520.0000
66 67 928620.0000
67 67 879844.0000
68 67 829192.0000
69 67 776664.0000
70 67 722260.0000
71 67 665980.0000
72 67 607824.0000
73 67 547792.0000
74 67 485884.0000
75 67 422100.0000
76 67 356440.0000
77 67 288904.0000
78 67 219492.0000
79 67 148204.0000
80 67 75040.0000
81 67 0.0000
0 66 0.0000
1 66 79200.0000
2 66 156420.0000
3 66 231660.0000
4 66 304920.0000
5 66 376200.0000
6 66 445500.0000
7 66 512820.0000
8 66 578160.0000
9 66 641520.0000
10 66 702900.0000
11 66 762300.0000
12 66 819720.0000
13 66 875160.0000
14 66 928620.0000
15 66 980100.0000
16 66 1029600.0000
17 66 1077120.0000
18 66 1122660.0000
19 66 1166220.0000
20 66 1207800.0000
21 66 1247400.0000
22 66 1285020.0000
23 66 1320660.0000
24 66 1354320.0000
25 66 1386000.0000
26 66 1415700.0000
27 66 1443420.0000
28 66 1469160.0000
29 66 1492920.0000
30 66 1514700.0000
31 66 1534500.0000
32 66 1552320.0000
33 66 1568160.0000
34 66 1582020.0000
35 66 1593900.0000
36 66 1603800.0000
37 66 1611720.0000
38 66 1617660.0000
39 66 1621620.0000
40 66 1623600.0000
41 66 1623600.0000
42 66 1621620.0000
43 66 1617660.0000
44 66 1611720.0000
45 66 1603800.0000
46 66 1593900.0000
47 66 1582020.0000
48 66 1568160.0000
49 66 1552320.0000
50 66 1534500.0000
51 66 1514700.0000
52 66 1492920.0000
53 66 1469160.0000
54 66 1443420.0000
55 66 1415700.0000
56 66 1386000.0000
57 66 1354320.0000
58 66 1320660.0000
59 66 1285020.0000
60 66 1247400.0000
61 66 1207800.0000
62 66 1166220.0000
63 66 1122660.0000
64 66 1077120.0000
65 66 1029600.0000
66 66 980100.0000
67 66 928620.0000
68 66 875160.0000
69 66 819720.0000
70 66 762300.0000
71 66 702900.0000
72 66 641520.0000
73 66 578160.0000
74 66 512820.0000
75 66 445500.0000
76 66 376200.0000
77 66 304920.0000
78 66 231660.0000
79 66 156420.0000
80 66 79200.0000
81 66 0.0000
0 65 0.0000
1 65 83200.0000
2 65 164320.0000
3 65 243360.0000
4 65 320320.0000
5 65 395200.0000
6 65 468000.0000
7 65 538720.0000
8 65 607360.0000
9 65 673920.0000
10 65 738400.0000
11 65 800800.0000
12 65 861120.0000
13 65 919360.0000
14 65 975520.0000
15 65 1029600.0000
16 65 1081600.0000
17 65 1131520.0000
18 65 1179360.0000
19 65 1225120.0000
20 65 1268800.0000
21 65 1310400.0000
22 65 1349920.0000
23 65 1387360.0000
24 65 1422720.0000
25 65 1456000.0000
26 65 1487200.0000
27 65 1516320.0000
28 65 1543360.0000
29 65 1568320.0000
30 65 1591200.0000
31 65 1612000.0000
32 65 1630720.0000
33 65 1647360.0000
34 65 1661920.0000
35 65 1674400.0000
36 65 1684800.0000
37 65 1693120.0000
38 65 1699360.0000
39 65 1703520.0000
40 65 1705600.0000
41 65 1705600.0000
42 65 1703520.0000
43 65 1699360.0000
44 65 1693120.0000
45 65 1684800.0000
46 65 1674400.0000
47 65 1661920.0000
48 65 1647360.0000
49 65 1630720.0000
50 65 1612000.0000
51 65 1591200.0000
52 65 1568320.0000
53 65 1543360.0000
54 65 1516320.0000
55 65 1487200.0000
56 65 1456000.0000
57 65 1422720.0000
58 65 1387360.0000
59 65 1349920.0000
60 65 1310400.0000
61 65 1268800.0000
62 65 1225120.0000
63 65 1179360.0000
64 65 1131520.0000
65 65 1081600.0000
66 65 1029600.0000
67 65 975520.0000
68 65 919360.0000
69 65 861120.0000
70 65 800800.0000
71 65 738400.0000
72 65 673920.0000
73 65 607360.0000
74 65 538720.0000
75 65 468000.0000
76 65 395200.0000
77 65 320320.0000
78 65 243360.0000
79 65 164320.0000
80 65 83200.0000
81 65 0.0000
0 64 0.0000
1 64 87040.0000
2 64 171904.0000
3 64 254592.0000
4 64 335104.0000
5 64 413440.0000
6 64 489600.0000
7 64 563584.0000
8 64 635392.0000
9 64 705024.0000
10 64 772480.0000
11 64 837760.0000
12 64 900864.0000
13 64 961792.0000
14 64 1020544.0000
15 64 1077120.0000
16 64 1131520.0000
17 64 1183744.0000
18 64 1233792.0000
19 64 1281664.0000
20 64 1327360.0000
21 64 1370880.0000
22 64 1412224.0000
23 64 1451392.0000
24 64 1488384.0000
25 64 1523200.0000
26 64 1555840.0000
27 64 1586304.0000
28 64 1614592.0000
29 64 1640704.0000
30 64 1664640.0000
31 64 1686400.0000
32 64 1705984.0000
33 64 1723392.0000
34 64 1738624.0000
35 64 1751680.0000
36 64 1762560.0000
37 64 1771264.0000
38 64 1777792.0000
39 64 1782144.0000
40 64 1784320.0000
41 64 1784320.0000
42 64 1782144.0000
43 64 1777792.0000
44 64 1771264.0000
45 64 1762560.0000
46 64 1751680.0000
47 64 1738624.0000
48 64 1723392.0000
49 64 1705984.0000
50 64 1686400.0000
51 64 1664640.0000
52 64 1640704.0000
53 64 1614592.0000
54 64 1586304.0000
55 64 1555840.0000
56 64 1523200.0000
57 64 1488384.0000
58 64 1451392.0000
59 64 1412224.0000
60 64 1370880.0000
61 64 1327360.0000
62 64 1281664.0000
63 64 1233792.0000
64 64 1183744.0000
65 64 1131520.0000
66 64 1077120.0000
67 64 1020544.0000
68 64 961792.0000
69 64 900864.0000
70 64 837760.0000
71 64 772480.0000
72 64 705024.0000
73 64 635392.0000
74 64 563584.0000
75 64 489600.0000
76 64 413440.0000
77 64 335104.0000
78 64 254592.0000
79 64 171904.0000
80 64 87040.0000
81 64 0.0000
0 63 0.0000
1 63 90720.0000
2 63 179172.0000
3 63 265356.0000
4 63 349272.0000
5 63 430920.0000
6 63 510300.0000
7 63 587412.0000
8 63 662256.0000
9 63 734832.0000
10 63 805140.0000
11 63 873180.0000
12 63 938952.0000
13 63 1002456.0000
14 63 1063692.0000
15 63 1122660.0000
16 63 1179360.0000
17 63 1233792.0000
18 63 1285956.0000
19 63 1335852.0000
20 63 1383480.0000
21 63 1428840.0000
22 63 1471932.0000
23 63 1512756.0000
24 63 1551312.0000
25 63 1587600.0000
26 63 1621620.0000
27 63 1653372.0000
28 63 1682856.0000
29 63 1710072.0000
30 63 1735020.0000
31 63 1757700.0000
32 63 1778112.0000
33 63 1796256.0000
34 63 1812132.0000
35 63 1825740.0000
36 63 1837080.0000
37 63 1846152.0000
38 63 1852956.0000
39 63 1857492.0000
40 63 1859760.0000
41 63 1859760.0000
42 63 1857492.0000
43 63 1852956.0000
44 63 1846152.0000
45 63 1837080.0000
46 63 1825740.0000
47 63 1812132.0000
48 63 1796256.0000
49 63 1778112.0000
50 63 1757700.0000
51 63 1735020.0000
52 63 1710072.0000
53 63 1682856.0000
54 63 1653372.0000
55 63 1621620.0000
56 63 1587600.0000
57 63 1551312.0000
58 63 1512756.0000
59 63 1471932.0000
60 63 1428840.0000
61 63 1383480.0000
62 63 1335852.0000
63 63 1285956.0000
64 63 1233792.0000
65 63 1179360.0000
66 63 1122660.0000
67 63 1063692.0000
68 63 1002456.0000
69 63 938952.0000
70 63 873180.0000
71 63 805140.0000
72 63 734832.0000
73 63 662256.0000
74 63 587412.0000
75 63 510300.0000
76 63 430920.0000
77 63 349272.0000
78 63 265356.0000
79 63 179172.0000
80 63 90720.0000
81 63 0.0000
0 62 0.0000
1 62 94240.0000
2 62 186124.0000
3 62 275652.0000
4 62 362824.0000
5 62 447640.0000
6 62 530100.0000
7 62 610204.0000
8 62 687952.0000
9 62 763344.0000
10 62 836380.0000
11 62 907060.0000
12 62 975384.0000
13 62 1041352.0000
14 62 1104964.0000
15 62 1166220.0000
16 62 1225120.0000
17 62 1281664.0000
18 62 1335852.0000
19 62 1387684.0000
20 62 1437160.0000
21 62 1484280.0000
22 62 1529044.0000
23 62 1571452.0000
24 62 1611504.0000
25 62 1649200.0000
26 62 1684540.0000
27 62 1717524.0000
28 62 1748152.0000
29 62 1776424.0000
30 62 1802340.0000
31 62 1825900.0000
32 62 1847104.0000
33 62 1865952.0000
34 62 1882444.0000
35 62 1896580.0000
36 62 1908360.0000
37 62 1917784.0000
38 62 1924852.0000
39 62 1929564.0000
40 62 1931920.0000
41 62 1931920.0000
42 62 1929564.0000
43 62 1924852.0000
44 62 1917784.0000
45 62 1908360.0000
46 62 1896580.0000
47 62 1882444.0000
48 62 1865952.0000
49 62 1847104.0000
50 62 1825900.0000
51 62 1802340.0000
52 62 1776424.0000
53 62 1748152.0000
54 62 1717524.0000
55 62 1684540.0000
56 62 1649200.0000
57 62 1611504.0000
58 62 1571452.0000
59 62 1529044.0000
60 62 1484280.0000
61 62 1437160.0000
62 62 1387684.0000
63 62 1335852.0000
64 62 1281664.0000
65 62 1225120.0000
66 62 1166220.0000
67 62 1104964.0000
68 62 1041352.0000
69 62 975384.0000
70 62 907060.0000
71 62 836380.0000
72 62 763344.0000
73 62 687952.0000
74 62 610204.0000
75 62 530100.0000
76 62 447640.0000
77 62 362824.0000
78 62 275652.0000
79 62 186124.0000
80 62 94240.0000
81 62 0.0000
0 61 0.0000
1 61 97600.0000
2 61 192760.0000
3 61 285480.0000
4 61 375760.0000
5 61 463600.0000
6 61 549000.0000
7 61 631960.0000
8 61 712480.0000
9 61 790560.0000
10 61 866200.0000
11 61 939400.0000
12 61 1010160.0000
13 61 1078480.0000
14 61 1144360.0000
15 61 1207800.0000
16 61 1268800.0000
17 61 1327360.0000
18 61 1383480.0000
19 61 1437160.0000
20 61 1488400.0000
21 61 1537200.0000
22 61 1583560.0000
23 61 1627480.0000
24 61 1668960.0000
25 61 1708000.0000
26 61 1744600.0000
27 61 1778760.0000
28 61 1810480.0000
29 61 1839760.0000
30 61 1866600.0000
31 61 1891000.0000
32 61 1912960.0000
33 61 1932480.0000
34 61 1949560.0000
35 61 1964200.0000
36 61 1976400.0000
37 61 1986160.0000
38 61 1993480.0000
39 61 1998360.0000
40 61 2000800.0000
41 61 2000800.0000
42 61 1998360.0000
43 61 1993480.0000
44 61 1986160.0000
45 61 1976400.0000
46 61 1964200.0000
47 61 1949560.0000
48 61 1932480.0000
49 61 1912960.0000
50 61 1891000.0000
51 61 1866600.0000
52 61 1839760.0000
53 61 1810480.0000
54 61 1778760.0000
55 61 1744600.0000
56 61 1708000.0000
57 61 1668960.0000
58 61 1627480.0000
59 61 1583560.0000
60 61 1537200.0000
61 61 1488400.0000
62 61 1437160.0000
63 61 1383480.0000
64 61 1327360.0000
65 61 1268800.0000
66 61 1207800.0000
67 61 1144360.0000
68 61 1078480.0000
69 61 1010160.0000
70 61 939400.0000
71 61 866200.0000
72 61 790560.0000
73 61 712480.0000
74 61 631960.0000
75 61 549000.0000
76 61 463600.0000
77 61 375760.0000
78 61 285480.0000
79 61 192760.0000
80 61 97600.0000
81 61 0.0000
0 60 0.0000
1 60 100800.0000
2 60 199080.0000
3 60 294840.0000
4 60 388080.0000
5 60 478800.0000
6 60 567000.0000
7 60 652680.0000
8 60 735840.0000
9 60 816480.0000
10 60 894600.0000
11 60 970200.0000
12 60 1043280.0000
13 60 1113840.0000
14 60 1181880.0000
15 60 1247400.0000
16 60 1310400.0000
17 60 1370880.0000
18 60 1428840.0000
19 60 1484280.0000
20 60 1537200.0000
21 60 1587600.0000
22 60 1635480.0000
23 60 1680840.0000
24 60 1723680.0000
25 60 1764000.0000
26 60 1801800.0000
27 60 1837080.0000
28 60 1869840.0000
29 60 1900080.0000
30 60 1927800.0000
31 60 1953000.0000
32 60 1975680.0000
33 60 1995840.0000
34 60 2013480.0000
35 60 2028600.0000
36 60 2041200.0000
37 60 2051280.0000
38 60 2058840.0000
39 60 2063880.0000
40 60 2066400.0000
41 60 2066400.0000
42 60 2063880.0000
43 60 2058840.0000
44 60 2051280.0000
45 60 2041200.0000
46 60 2028600.0000
47 60 2013480.0000
48 60 1995840.0000
49 60 1975680.0000
50 60 1953000.0000
51 60 1927800.0000
52 60 1900080.0000
53 60 1869840.0000
54 60 1837080.0000
55 60 1801800.0000
56 60 1764000.0000
57 60 1723680.0000
58 60 1680840.0000
59 60 1635480.0000
60 60 1587600.0000
61 60 1537200.0000
62 60 1484280.0000
63 60 1428840.0000
64 60 1370880.0000
65 60 1310400.0000
66 60 1247400.0000
67 60 1181880.0000
68 60 1113840.0000
69 60 1043280.0000
70 60 970200.0000
71 60 894600.0000
72 60 816480.0000
73 60 735840.0000
74 60 652680.0000
75 60 567000.0000
76 60 478800.0000
77 60 388080.0000
78 60 294840.0000
79 60 199080.0000
80 60 100800.0000
81 60 0.0000
0 59 0.0000
1 59 103840.0000
2 59 205084.0000
3 59 303732.0000
4 59 399784.0000
5 59 493240.0000
6 59 584100.0000
7 59 672364.0000
8 59 758032.0000
9 59 841104.0000
10 59 921580.0000
11 59 999460.0000
12 59 1074744.0000
13 59 1147432.0000
14 59 1217524.0000
15 59 1285020.0000
16 59 1349920.0000
17 59 1412224.0000
18 59 1471932.0000
19 59 1529044.0000
20 59 1583560.0000
21 59 1635480.0000
22 59 1684804.0000
23 59 1731532.0000
24 59 1775664.0000
25 59 1817200.0000
26 59 1856140.0000
27 59 1892484.0000
28 59 1926232.0000
29 59 1957384.0000
30 59 1985940.0000
31 59 2011900.0000
32 59 2035264.0000
33 59 2056032.0000
34 59 2074204.0000
35 59 2089780.0000
36 59 2102760.0000
37 59 2113144.0000
38 59 2120932.0000
39 59 2126124.0000
40 59 2128720.0000
41 59 2128720.0000
42 59 2126124.0000
43 59 2120932.0000
44 59 2113144.0000
45 59 2102760.0000
46 59 2089780.0000
47 59 2074204.0000
48 59 2056032.0000
49 59 2035264.0000
50 59 2011900.0000
51 59 1985940.0000
52 59 1957384.0000
53 59 1926232.0000
54 59 1892484.0000
55 59 1856140.0000
56 59 1817200.0000
57 59 1775664.0000
58 59 1731532.0000
59 59 1684804.0000
60 59 1635480.0000
61 59 1583560.0000
62 59 1529044.0000
63 59 1471932.0000
64 59 1412224.0000
65 59 1349920.0000
66 59 1285020.0000
67 59 1217524.0000
68 59 1147432.0000
69 59 1074744.0000
70 59 999460.0000
71 59 921580.0000
72 59 841104.0000
73 59 758032.0000
74 59 672364.0000
75 59 584100.0000
76 59 493240.0000
77 59 399784.0000
78 59 303732.0000
79 59 205084.0000
80 59 103840.0000
81 59 0.0000
0 58 0.0000
1 58 106720.0000
2 58 210772.0000
3 58 312156.0000
4 58 410872.0000
5 58 506920.0000
6 58 600300.0000
7 58 691012.0000
8 58 779056.0000
9 58 864432.0000
10 58 947140.0000
11 58 1027180.0000
12 58 1104552.0000
13 58 1179256.0000
14 58 1251292.0000
15 58 1320660.0000
16 58 1387360.0000
17 58 1451392.0000
18 58 1512756.0000
19 58 1571452.0000
20 58 1627480.0000
21 58 1680840.0000
22 58 1731532.0000
23 58 1779556.0000
24 58 1824912.0000
25 58 1867600.0000
26 58 1907620.0000
27 58 1944972.0000
28 58 1979656.0000
29 58 2011672.0000
30 58 2041020.0000
31 58 2067700.0000
32 58 2091712.0000
33 58 2113056.0000
34 58 2131732.0000
35 58 2147740.0000
36 58 2161080.0000
37 58 2171752.0000
38 58 2179756.0000
39 58 2185092.0000
40 58 2187760.0000
41 58 2187760.0000
42 58 2185092.0000
43 58 2179756.0000
44 58 2171752.0000
45 58 2161080.0000
46 58 2147740.0000
47 58 2131732.0000
48 58 2113056.0000
49 58 2091712.0000
50 58 2067700.0000
51 58 2041020.0000
52 58 2011672.0000
53 58 1979656.0000
54 58 1944972.0000
55 58 1907620.0000
56 58 1867600.0000
57 58 1824912.0000
58 58 1779556.0000
59 58 1731532.0000
60 58 1680840.0000
61 58 1627480.0000
62 58 1571452.0000
63 58 1512756.0000
64 58 1451392.0000
65 58 1387360.0000
66 58 1320660.0000
67 58 1251292.0000
68 58 1179256.0000
69 58 1104552.0000
70 58 1027180.0000
71 58 947140.0000
72 58 864432.0000
73 58 779056.0000
74 58 691012.0000
75 58 600300.0000
76 58 506920.0000
77 58 410872.0000
78 58 312156.0000
79 58 210772.0000
80 58 106720.0000
81 58 0.0000
0 57 0.0000
1 57 109440.0000
2 57 216144.0000
3 57 320112.0000
4 57 421344.0000
5 57 519840.0000
6 57 615600.0000
7 57 708624.0000
8 57 798912.0000
9 57 886464.0000
10 57 971280.0000
11 57 1053360.0000
12 57 1132704.0000
13 57 1209312.0000
14 57 1283184.0000
15 57 1354320.0000
16 57 1422720.0000
17 57 1488384.0000
18 57 1551312.0000
19 57 1611504.0000
20 57 1668960.0000
21 57 1723680.0000
22 57 1775664.0000
23 57 1824912.0000
24 57 1871424.0000
25 57 1915200.0000
26 57 1956240.0000
27 57 1994544.0000
28 57 2030112.0000
29 57 2062944.0000
30 57 2093040.0000
31 57 2120400.0000
32 57 2145024.0000
33 57 2166912.0000
34 57 2186064.0000
35 57 2202480.0000
36 57 2216160.0000
37 57 2227104.0000
38 57 2235312.0000
39 57 2240784.0000
40 57 2243520.0000
41 57 2243520.0000
42 57 2240784.0000
43 57 2235312.0000
44 57 2227104.0000
45 57 2216160.0000
46 57 2202480.0000
47 57 2186064.0000
48 57 2166912.0000
49 57 2145024.0000
50 57 2120400.0000
51 57 2093040.0000
52 57 2062944.0000
53 57 2030112.0000
54 57 1994544.0000
55 57 1956240.0000
56 57 1915200.0000
57 57 1871424.0000
58 57 1824912.0000
59 57 1775664.0000
60 57 1723680.0000
61 57 1668960.0000
62 57 1611504.0000
63 57 1551312.0000
64 57 1488384.0000
65 57 1422720.0000
66 57 1354320.0000
67 57 1283184.0000
68 57 1209312.0000
69 57 1132704.0000
70 57 1053360.0000
71 57 971280.0000
72 57 886464.0000
73 57 798912.0000
74 57 708624.0000
75 57 615600.0000
76 57 519840.0000
77 57 421344.0000
78 57 320112.0000
79 57 216144.0000
80 57 109440.0000
81 57 0.0000
0 56 0.0000
1 56 112000.0000
2 56 221200.0000
3 56 327600.0000
4 56 431200.0000
5 56 532000.0000
6 56 630000.0000
7 56 725200.0000
8 56 817600.0000
9 56 907200.0000
10 56 994000.0000
11 56 1078000.0000
12 56 1159200.0000
13 56 1237600.0000
14 56 1313200.0000
15 56 1386000.0000
16 56 1456000.0000
17 56 1523200.0000
18 56 1587600.0000
19 56 1649200.0000
20 56 1708000.0000
21 56 1764000.0000
22 56 1817200.0000
23 56 1867600.0000
24 56 1915200.0000
25 56 1960000.0000
26 56 2002000.0000
27 56 2041200.0000
28 56 2077600.0000
29 56 2111200.0000
30 56 2142000.0000
31 56 2170000.0000
32 56 2195200.0000
33 56 2217600.0000
34 56 2237200.0000
35 56 2254000.0000
36 56 2268000.0000
37 56 2279200.0000
38 56 2287600.0000
39 56 2293200.0000
40 56 2296000.0000
41 56 2296000.0000
42 56 2293200.0000
43 56 2287600.0000
44 56 2279200.0000
45 56 2268000.0000
46 56 2254000.0000
47 56 2237200.0000
48 56 2217600.0000
49 56 2195200.0000
50 56 2170000.0000
51 56 2142000.0000
52 56 2111200.0000
53 56 2077600.0000
54 56 2041200.0000
55 56 2002000.0000
56 56 1960000.0000
57 56 1915200.0000
58 56 1867600.0000
59 56 1817200.0000
60 56 1764000.0000
61 56 1708000.0000
62 56 1649200.0000
63 56 1587600.0000
64 56 1523200.0000
65 56 1456000.0000
66 56 1386000.0000
67 56 1313200.0000
68 56 1237600.0000
69 56 1159200.0000
70 56 1078000.0000
71 56 994000.0000
72 56 907200.0000
73 56 817600.0000
74 56 725200.0000
75 56 630000.0000
76 56 532000.0000
77 56 431200.0000
78 56 327600.0000
79 56 221200.0000
80 56 112000.0000
81 56 0.0000
0 55 0.0000
1 55 114400.0000
2 55 225940.0000
3 55 334620.0000
4 55 440440.0000
5 55 543400.0000
6 55 643500.0000
7 55 740740.0000
8 55 835120.0000
9 55 926640.0000
10 55 1015300.0000
11 55 1101100.0000
12 55 1184040.0000
13 55 1264120.0000
14 55 1341340.0000
15 55 1415700.0000
16 55 1487200.0000
17 55 1555840.0000
18 55 1621620.0000
19 55 1684540.0000
20 55 1744600.0000
21 55 1801800.0000
22 55 1856140.0000
23 55 1907620.0000
24 55 1956240.0000
25 55 2002000.0000
26 55 2044900.0000
27 55 2084940.0000
28 55 2122120.0000
29 55 2156440.0000
30 55 2187900.0000
31 55 2216500.0000
32 55 2242240.0000
33 55 2265120.0000
34 55 2285140.0000
35 55 2302300.0000
36 55 2316600.0000
37 55 2328040.0000
38 55 2336620.0000
39 55 2342340.0000
40 55 2345200.0000
41 55 2345200.0000
42 55 2342340.0000
43 55 2336620.0000
44 55 2328040.0000
45 55 2316600.0000
46 55 2302300.0000
47 55 2285140.0000
48 55 2265120.0000
49 55 2242240.0000
50 55 2216500.0000
51 55 2187900.0000
52 55 2156440.0000
53 55 2122120.0000
54 55 2084940.0000
55 55 2044900.0000
56 55 2002000.0000
57 55 1956240.0000
58 55 1907620.0000
59 55 1856140.0000
60 55 1801800.0000
61 55 1744600.0000
62 55 1684540.0000
63 55 1621620.0000
64 55 1555840.0000
65 55 1487200.0000
66 55 1415700.0000
67 55 1341340.0000
68 55 1264120.0000
69 55 1184040.0000
70 55 1101100.0000
71 55 1015300.0000
72 55 926640.0000
73 55 835120.0000
74 55 740740.0000
75 55 643500.0000
76 55 543400.0000
77 55 440440.0000
78 55 334620.0000
79 55 225940.0000
80 55 114400.0000
81 55 0.0000
0 54 0.0000
1 54 116640.0000
2 54 230364.0000
3 54 341172.0000
4 54 449064.0000
5 54 554040.0000
6 54 656100.0000
7 54 755244.0000
8 54 851472.0000
9 54 944784.0000
10 54 1035180.0000
11 54 1122660.0000
12 54 1207224.0000
13 54 1288872.0000
14 54 1367604.0000
15 54 1443420.0000
16 54 1516320.0000
