0 81 0.0000
1 81 0.0000
2 81 0.0000
3 81 0.0000
4 81 0.0000
5 81 0.0000
6 81 0.0000
7 81 0.0000
8 81 0.0000
9 81 0.0000
10 81 0.0000
11 81 0.0000
12 81 0.0000
13 81 0.0000
14 81 0.0000
15 81 0.0000
16 81 0.0000
17 81 0.0000
18 81 0.0000
19 81 0.0000
20 81 0.0000
21 81 0.0000
22 81 0.0000
23 81 0.0000
24 81 0.0000
25 81 0.0000
26 81 0.0000
27 81 0.0000
28 81 0.0000
29 81 0.0000
30 81 0.0000
31 81 0.0000
32 81 0.0000
33 81 0.0000
34 81 0.0000
35 81 0.0000
36 81 0.0000
37 81 0.0000
38 81 0.0000
39 81 0.0000
40 81 0.0000
41 81 0.0000
42 81 0.0000
43 81 0.0000
44 81 0.0000
45 81 0.0000
46 81 0.0000
47 81 0.0000
48 81 0.0000
49 81 0.0000
50 81 0.0000
51 81 0.0000
52 81 0.0000
53 81 0.0000
54 81 0.0000
55 81 0.0000
56 81 0.0000
57 81 0.0000
58 81 0.0000
59 81 0.0000
60 81 0.0000
61 81 0.0000
62 81 0.0000
63 81 0.0000
64 81 0.0000
65 81 0.0000
66 81 0.0000
67 81 0.0000
68 81 0.0000
69 81 0.0000
70 81 0.0000
71 81 0.0000
72 81 0.0000
73 81 0.0000
74 81 0.0000
75 81 0.0000
76 81 0.0000
77 81 0.0000
78 81 0.0000
79 81 0.0000
80 81 0.0000
81 81 0.0000
0 80 0.0000
1 80 4706.9717
2 80 9399.8584
3 80 14064.8066
4 80 18688.4180
5 80 23257.9453
6 80 27761.4668
7 80 32188.0059
8 80 36527.6328
9 80 40771.5039
10 80 44911.8906
11 80 48942.1211
12 80 52856.5547
13 80 56650.4961
14 80 60320.0820
15 80 63862.2148
16 80 67274.4375
17 80 70554.8203
18 80 73701.9062
19 80 76714.5781
20 80 79592.0000
21 80 82333.5859
22 80 84938.8984
23 80 87407.6172
24 80 89739.5547
25 80 91934.5469
26 80 93992.5000
27 80 95913.3516
28 80 97697.0625
29 80 99343.5938
30 80 100852.9297
31 80 102225.0781
32 80 103460.0156
33 80 104557.7422
34 80 105518.2500
35 80 106341.5391
36 80 107027.6250
37 80 107576.4922
38 80 107988.1406
39 80 108262.5703
40 80 108399.7891
41 80 108399.7891
42 80 108262.5703
43 80 107988.1406
44 80 107576.4922
45 80 107027.6250
46 80 106341.5391
47 80 105518.2500
48 80 104557.7422
49 80 103460.0156
50 80 102225.0781
51 80 100852.9297
52 80 99343.5938
53 80 97697.0625
54 80 95913.3516
55 80 93992.5000
56 80 91934.5469
57 80 89739.5547
58 80 87407.6172
59 80 84938.8984
60 80 82333.5859
61 80 79592.0000
62 80 76714.5781
63 80 73701.9062
64 80 70554.8203
65 80 67274.4375
66 80 63862.2148
67 80 60320.0820
68 80 56650.4961
69 80 52856.5547
70 80 48942.1211
71 80 44911.8906
72 80 40771.5039
73 80 36527.6328
74 80 32188.0059
75 80 27761.4668
76 80 23257.9453
77 80 18688.4180
78 80 14064.8066
79 80 9399.8584
80 80 4706.9717
81 80 0.0000
0 79 0.0000
1 79 9399.8584
2 79 18771.5879
3 79 28087.5254
4 79 37320.9141
5 79 46446.2969
6 79 55439.8633
7 79 64279.6953
8 79 72945.9531
9 79 81421.0078
10 79 89689.3828
11 79 97737.7891
12 79 105554.9375
13 79 113131.4609
14 79 120459.6562
15 79 127533.3203
16 79 134347.5469
17 79 140898.5000
18 79 147183.2500
19 79 153199.5781
20 79 158945.8281
21 79 164420.7812
22 79 169623.6094
23 79 174553.6719
24 79 179210.5469
25 79 183593.9688
26 79 187703.7188
27 79 191539.6719
28 79 195101.7500
29 79 198389.8906
30 79 201404.0625
31 79 204144.2344
32 79 206610.4219
33 79 208802.5781
34 79 210720.7188
35 79 212364.8438
36 79 213734.9531
37 79 214831.0469
38 79 215653.1094
39 79 216201.1562
40 79 216475.1719
41 79 216475.1719
42 79 216201.1562
43 79 215653.1094
44 79 214831.0469
45 79 213734.9531
46 79 212364.8438
47 79 210720.7188
48 79 208802.5781
49 79 206610.4219
50 79 204144.2344
51 79 201404.0625
52 79 198389.8906
53 79 195101.7500
54 79 191539.6719
55 79 187703.7188
56 79 183593.9688
57 79 179210.5469
58 79 174553.6719
59 79 169623.6094
60 79 164420.7812
61 79 158945.8281
62 79 153199.5781
63 79 147183.2500
64 79 140898.5000
65 79 134347.5469
66 79 127533.3203
67 79 120459.6562
68 79 113131.4609
69 79 105554.9375
70 79 97737.7891
71 79 89689.3828
72 79 81421.0078
73 79 72945.9531
74 79 64279.6953
75 79 55439.8633
76 79 46446.2969
77 79 37320.9141
78 79 28087.5254
79 79 18771.5879
80 79 9399.8584
81 79 0.0000
0 78 0.0000
1 78 14064.8066
2 78 28087.5254
3 78 42026.7656
4 78 55842.4844
5 78 69496.6016
6 78 82953.4766
7 78 96180.3281
8 78 109147.4766
9 78 121828.5000
10 78 134200.2969
11 78 146242.9531
12 78 157939.5781
13 78 169276.1719
14 78 180241.1875
15 78 190825.3594
16 78 201021.3281
17 78 210823.3906
18 78 220227.1406
19 78 229229.2188
20 78 237827.2031
21 78 246019.2656
22 78 253804.1406
23 78 261180.8906
24 78 268148.8750
25 78 274707.6875
26 78 280857.0312
27 78 286596.6875
28 78 291926.5312
29 78 296846.5312
30 78 301356.5312
31 78 305456.6250
32 78 309146.7188
33 78 312426.7812
34 78 315296.8750
35 78 317756.9375
36 78 319807.0000
37 78 321447.0312
38 78 322677.0625
39 78 323497.0938
40 78 323907.1250
41 78 323907.1250
42 78 323497.0938
43 78 322677.0625
44 78 321447.0312
45 78 319807.0000
46 78 317756.9375
47 78 315296.8750
48 78 312426.7812
49 78 309146.7188
50 78 305456.6250
51 78 301356.5312
52 78 296846.5312
53 78 291926.5312
54 78 286596.6875
55 78 280857.0312
56 78 274707.6875
57 78 268148.8750
58 78 261180.8906
59 78 253804.1406
60 78 246019.2656
61 78 237827.2031
62 78 229229.2188
63 78 220227.1406
64 78 210823.3906
65 78 201021.3281
66 78 190825.3594
67 78 180241.1875
68 78 169276.1719
69 78 157939.5781
70 78 146242.9531
71 78 134200.2969
72 78 121828.5000
73 78 109147.4766
74 78 96180.3281
75 78 82953.4766
76 78 69496.6016
77 78 55842.4844
78 78 42026.7656
79 78 28087.5254
80 78 14064.8066
81 78 0.0000
0 77 0.0000
1 77 18688.4180
2 77 37320.9141
3 77 55842.4844
4 77 74199.9375
5 77 92342.6562
6 77 110223.2969
7 77 127798.2891
8 77 145028.2031
9 77 161877.9375
10 77 178316.7969
11 77 194318.2969
12 77 209860.0312
13 77 224923.3594
14 77 239492.9688
15 77 253556.5312
16 77 267104.3125
17 77 280128.6562
18 77 292623.7500
19 77 304585.1250
20 77 316009.5625
21 77 326894.6562
22 77 337238.7188
23 77 347040.4688
24 77 356299.0625
25 77 365014.0000
26 77 373184.8438
27 77 380811.3125
28 77 387893.2812
29 77 394430.6250
30 77 400423.2812
31 77 405871.1875
32 77 410774.3438
33 77 415132.7188
34 77 418946.3125
35 77 422215.0938
36 77 424939.0625
37 77 427118.2812
38 77 428752.6562
39 77 429842.2188
40 77 430387.0312
41 77 430387.0312
42 77 429842.2188
43 77 428752.6562
44 77 427118.2812
45 77 424939.0625
46 77 422215.0938
47 77 418946.3125
48 77 415132.7188
49 77 410774.3438
50 77 405871.1875
51 77 400423.2812
52 77 394430.6250
53 77 387893.2812
54 77 380811.3125
55 77 373184.8438
56 77 365014.0000
57 77 356299.0625
58 77 347040.4688
59 77 337238.7188
60 77 326894.6562
61 77 316009.5625
62 77 304585.1250
63 77 292623.7500
64 77 280128.6562
65 77 267104.3125
66 77 253556.5312
67 77 239492.9688
68 77 224923.3594
69 77 209860.0312
70 77 194318.2969
71 77 178316.7969
72 77 161877.9375
73 77 145028.2031
74 77 127798.2891
75 77 110223.2969
76 77 92342.6562
77 77 74199.9375
78 77 55842.4844
79 77 37320.9141
80 77 18688.4180
81 77 0.0000
0 76 0.0000
1 76 23257.9453
2 76 46446.2969
3 76 69496.6016
4 76 92342.6562
5 76 114921.4688
6 76 137174.1250
7 76 159046.3906
8 76 180489.2188
9 76 201458.9062
10 76 221917.2344
11 76 241831.2812
12 76 261173.1406
13 76 279919.6250
14 76 298051.6562
15 76 315553.9375
16 76 332414.2812
17 76 348623.2188
18 76 364173.4688
19 76 379059.5312
20 76 393277.3750
21 76 406824.0000
22 76 419697.2500
23 76 431895.6562
24 76 443418.0938
25 76 454263.9375
26 76 464432.6250
27 76 473923.8750
28 76 482737.4375
29 76 490873.2188
30 76 498331.1562
31 76 505111.1562
32 76 511213.1562
33 76 516637.2188
34 76 521383.2500
35 76 525451.3125
36 76 528841.3125
37 76 531553.3750
38 76 533587.3750
39 76 534943.3750
40 76 535621.3750
41 76 535621.3750
42 76 534943.3750
43 76 533587.3750
44 76 531553.3750
45 76 528841.3125
46 76 525451.3125
47 76 521383.2500
48 76 516637.2188
49 76 511213.1562
50 76 505111.1562
51 76 498331.1562
52 76 490873.2188
53 76 482737.4375
54 76 473923.8750
55 76 464432.6250
56 76 454263.9375
57 76 443418.0938
58 76 431895.6562
59 76 419697.2500
60 76 406824.0000
61 76 393277.3750
62 76 379059.5312
63 76 364173.4688
64 76 348623.2188
65 76 332414.2812
66 76 315553.9375
67 76 298051.6562
68 76 279919.6250
69 76 261173.1406
70 76 241831.2812
71 76 221917.2344
72 76 201458.9062
73 76 180489.2188
74 76 159046.3906
75 76 137174.1250
76 76 114921.4688
77 76 92342.6562
78 76 69496.6016
79 76 46446.2969
80 76 23257.9453
81 76 0.0000
0 75 0.0000
1 75 27761.4668
2 75 55439.8633
3 75 82953.4766
4 75 110223.2969
5 75 137174.1250
6 75 163735.6406
7 75 189843.1094
8 75 215437.9844
9 75 240468.1094
10 75 264887.8438
11 75 288657.9062
12 75 311745.0000
13 75 334121.4062
14 75 355764.4062
15 75 376655.7188
16 75 396780.7812
17 75 416128.2812
18 75 434689.5938
19 75 452458.0938
20 75 469429.0000
21 75 485598.6875
22 75 500964.6250
23 75 515525.0312
24 75 529278.6250
25 75 542224.5625
26 75 554362.1875
27 75 565691.2500
28 75 576211.4375
29 75 585922.5625
30 75 594824.6250
31 75 602917.4375
32 75 610201.0000
33 75 616675.3125
34 75 622340.3750
35 75 627196.1250
36 75 631242.5625
37 75 634479.7500
38 75 636907.6250
39 75 638526.1250
40 75 639335.4375
41 75 639335.4375
42 75 638526.1250
43 75 636907.6250
44 75 634479.7500
45 75 631242.5625
46 75 627196.1250
47 75 622340.3750
48 75 616675.3125
49 75 610201.0000
50 75 602917.4375
51 75 594824.6250
52 75 585922.5625
53 75 576211.4375
54 75 565691.2500
55 75 554362.1875
56 75 542224.5625
57 75 529278.6250
58 75 515525.0312
59 75 500964.6250
60 75 485598.6875
61 75 469429.0000
62 75 452458.0938
63 75 434689.5938
64 75 416128.2812
65 75 396780.7812
66 75 376655.7188
67 75 355764.4062
68 75 334121.4062
69 75 311745.0000
70 75 288657.9062
71 75 264887.8438
72 75 240468.1094
73 75 215437.9844
74 75 189843.1094
75 75 163735.6406
76 75 137174.1250
77 75 110223.2969
78 75 82953.4766
79 75 55439.8633
80 75 27761.4668
81 75 0.0000
0 74 0.0000
1 74 32188.0059
2 74 64279.6953
3 74 96180.3281
4 74 127798.2891
5 74 159046.3906
6 74 189843.1094
7 74 220113.4062
8 74 249789.3438
9 74 278810.5000
10 74 307123.9375
11 74 334684.0938
12 74 361452.3750
13 74 387396.6562
14 74 412490.6250
15 74 436713.0000
16 74 460046.9688
17 74 482479.4375
18 74 504000.2812
19 74 524601.9375
20 74 544278.8125
21 74 563026.7500
22 74 580842.8125
23 74 597724.8125
24 74 613671.3750
25 74 628681.5000
26 74 642754.5000
27 74 655889.9375
28 74 668087.5000
29 74 679347.1250
30 74 689668.5625
31 74 699051.7500
32 74 707496.6875
33 74 715003.3125
34 74 721571.6250
35 74 727201.6250
36 74 731893.3125
37 74 735646.6250
38 74 738461.6250
39 74 740338.2500
40 74 741276.5625
41 74 741276.5625
42 74 740338.2500
43 74 738461.6250
44 74 735646.6250
45 74 731893.3125
46 74 727201.6250
47 74 721571.6250
48 74 715003.3125
49 74 707496.6875
50 74 699051.7500
51 74 689668.5625
52 74 679347.1250
53 74 668087.5000
54 74 655889.9375
55 74 642754.5000
56 74 628681.5000
57 74 613671.3750
58 74 597724.8125
59 74 580842.8125
60 74 563026.7500
61 74 544278.8125
62 74 524601.9375
63 74 504000.2812
64 74 482479.4375
65 74 460046.9688
66 74 436713.0000
67 74 412490.6250
68 74 387396.6562
69 74 361452.3750
70 74 334684.0938
71 74 307123.9375
72 74 278810.5000
73 74 249789.3438
74 74 220113.4062
75 74 189843.1094
76 74 159046.3906
77 74 127798.2891
78 74 96180.3281
79 74 64279.6953
80 74 32188.0059
81 74 0.0000
0 73 0.0000
1 73 36527.6328
2 73 72945.9531
3 73 109147.4766
4 73 145028.2031
5 73 180489.2188
6 73 215437.9844
7 73 249789.3438
8 73 283466.2188
9 73 316400.0312
10 73 348530.7188
11 73 379806.5625
12 73 410183.7812
13 73 439625.9062
14 73 468103.0312
15 73 495591.0938
16 73 522070.9688
17 73 547527.7500
18 73 571950.1250
19 73 595329.3125
20 73 617659.0000
21 73 638934.5625
22 73 659152.5000
23 73 678310.5625
24 73 696407.0000
25 73 713440.8125
26 73 729411.1250
27 73 744317.5000
28 73 758159.5625
29 73 770937.1875
30 73 782650.1875
31 73 793298.4375
32 73 802881.8750
33 73 811400.5625
34 73 818854.4375
35 73 825243.5000
36 73 830567.6875
37 73 834827.1250
38 73 838021.5625
39 73 840151.2500
40 73 841216.1250
41 73 841216.1250
42 73 840151.2500
43 73 838021.5625
44 73 834827.1250
45 73 830567.6875
46 73 825243.5000
47 73 818854.4375
48 73 811400.5625
49 73 802881.8750
50 73 793298.4375
51 73 782650.1875
52 73 770937.1875
53 73 758159.5625
54 73 744317.5000
55 73 729411.1250
56 73 713440.8125
57 73 696407.0000
58 73 678310.5625
59 73 659152.5000
60 73 638934.5625
61 73 617659.0000
62 73 595329.3125
63 73 571950.1250
64 73 547527.7500
65 73 522070.9688
66 73 495591.0938
67 73 468103.0312
68 73 439625.9062
69 73 410183.7812
70 73 379806.5625
71 73 348530.7188
72 73 316400.0312
73 73 283466.2188
74 73 249789.3438
75 73 215437.9844
76 73 180489.2188
77 73 145028.2031
78 73 109147.4766
79 73 72945.9531
80 73 36527.6328
81 73 0.0000
0 72 0.0000
1 72 40771.5039
2 72 81421.0078
3 72 121828.5000
4 72 161877.9375
5 72 201458.9062
6 72 240468.1094
7 72 278810.5000
8 72 316400.0312
9 72 353160.1562
10 72 389023.8438
11 72 423933.4062
12 72 457839.9062
13 72 490702.6875
14 72 522488.3750
15 72 553170.0625
16 72 582726.3750
17 72 611140.8125
18 72 638400.5625
19 72 664496.0000
20 72 689420.0000
21 72 713167.3750
22 72 735734.2500
23 72 757118.1250
24 72 777317.0625
25 72 796329.8750
26 72 814155.6875
27 72 830793.9375
28 72 846244.1875
29 72 860506.3125
30 72 873580.1250
31 72 885465.5000
32 72 896162.4375
33 72 905670.8125
34 72 913990.6875
35 72 921122.0000
36 72 927064.7500
37 72 931819.0625
38 72 935384.6875
39 72 937761.8125
40 72 938950.3750
41 72 938950.3750
42 72 937761.8125
43 72 935384.6875
44 72 931819.0625
45 72 927064.7500
46 72 921122.0000
47 72 913990.6875
48 72 905670.8125
49 72 896162.4375
50 72 885465.5000
51 72 873580.1250
52 72 860506.3125
53 72 846244.1875
54 72 830793.9375
55 72 814155.6875
56 72 796329.8750
57 72 777317.0625
58 72 757118.1250
59 72 735734.2500
60 72 713167.3750
61 72 689420.0000
62 72 664496.0000
63 72 638400.5625
64 72 611140.8125
65 72 582726.3750
66 72 553170.0625
67 72 522488.3750
68 72 490702.6875
69 72 457839.9062
70 72 423933.4062
71 72 389023.8438
72 72 353160.1562
73 72 316400.0312
74 72 278810.5000
75 72 240468.1094
76 72 201458.9062
77 72 161877.9375
78 72 121828.5000
79 72 81421.0078
80 72 40771.5039
81 72 0.0000
0 71 0.0000
1 71 44911.8906
2 71 89689.3828
3 71 134200.2969
4 71 178316.7969
5 71 221917.2344
6 71 264887.8438
7 71 307123.9375
8 71 348530.7188
9 71 389023.8438
10 71 428529.5312
11 71 466984.1875
12 71 504333.9375
13 71 540533.9375
14 71 575547.4375
15 71 609344.8125
16 71 641902.5625
17 71 673202.5000
18 71 703230.4375
19 71 731975.9375
20 71 759431.0000
21 71 785589.8125
22 71 810448.4375
23 71 834003.8750
24 71 856254.0625
25 71 877197.6250
26 71 896833.6250
27 71 915161.4375
28 71 932180.7500
29 71 947891.1875
30 71 962292.6250
31 71 975385.0000
32 71 987168.1875
33 71 997642.0625
34 71 1006806.8125
35 71 1014662.3750
36 71 1021208.6250
37 71 1026445.6250
38 71 1030373.3750
39 71 1032991.8750
40 71 1034301.1250
41 71 1034301.1250
42 71 1032991.8750
43 71 1030373.3750
44 71 1026445.6250
45 71 1021208.6250
46 71 1014662.3750
47 71 1006806.8125
48 71 997642.0625
49 71 987168.1875
50 71 975385.0000
51 71 962292.6250
52 71 947891.1875
53 71 932180.7500
54 71 915161.4375
55 71 896833.6250
56 71 877197.6250
57 71 856254.0625
58 71 834003.8750
59 71 810448.4375
60 71 785589.8125
61 71 759431.0000
62 71 731975.9375
63 71 703230.4375
64 71 673202.5000
65 71 641902.5625
66 71 609344.8125
67 71 575547.4375
68 71 540533.9375
69 71 504333.9375
70 71 466984.1875
71 71 428529.5312
72 71 389023.8438
73 71 348530.7188
74 71 307123.9375
75 71 264887.8438
76 71 221917.2344
77 71 178316.7969
78 71 134200.2969
79 71 89689.3828
80 71 44911.8906
81 71 0.0000
0 70 0.0000
1 70 48942.1211
2 70 97737.7891
3 70 146242.9531
4 70 194318.2969
5 70 241831.2812
6 70 288657.9062
7 70 334684.0938
8 70 379806.5625
9 70 423933.4062
10 70 466984.1875
11 70 508889.5938
12 70 549591.0000
13 70 589039.3750
14 70 627194.8125
15 70 664025.0625
16 70 699504.4375
17 70 733613.0000
18 70 766335.5625
19 70 797660.5000
20 70 827579.1875
21 70 856085.4375
22 70 883174.7500
23 70 908843.9375
24 70 933090.7500
25 70 955913.7500
26 70 977311.8125
27 70 997284.3750
28 70 1015830.9375
29 70 1032951.1875
30 70 1048644.8750
31 70 1062912.1250
32 70 1075752.6250
33 70 1087166.3750
34 70 1097153.5000
35 70 1105714.0000
36 70 1112847.7500
37 70 1118554.6250
38 70 1122834.8750
39 70 1125688.3750
40 70 1127115.1250
41 70 1127115.1250
42 70 1125688.3750
43 70 1122834.8750
44 70 1118554.6250
45 70 1112847.7500
46 70 1105714.0000
47 70 1097153.5000
48 70 1087166.3750
49 70 1075752.6250
50 70 1062912.1250
51 70 1048644.8750
52 70 1032951.1875
53 70 1015830.9375
54 70 997284.3750
55 70 977311.8125
56 70 955913.7500
57 70 933090.7500
58 70 908843.9375
59 70 883174.7500
60 70 856085.4375
61 70 827579.1875
62 70 797660.5000
63 70 766335.5625
64 70 733613.0000
65 70 699504.4375
66 70 664025.0625
67 70 627194.8125
68 70 589039.3750
69 70 549591.0000
70 70 508889.5938
71 70 466984.1875
72 70 423933.4062
73 70 379806.5625
74 70 334684.0938
75 70 288657.9062
76 70 241831.2812
77 70 194318.2969
78 70 146242.9531
79 70 97737.7891
80 70 48942.1211
81 70 0.0000
0 69 0.0000
1 69 52856.5547
2 69 105554.9375
3 69 157939.5781
4 69 209860.0312
5 69 261173.1406
6 69 311745.0000
7 69 361452.3750
8 69 410183.7812
9 69 457839.9062
10 69 504333.9375
11 69 549591.0000
12 69 593547.6250
13 69 636151.0625
14 69 677358.1875
15 69 717134.1250
16 69 755451.1250
17 69 792287.7500
18 69 827627.5000
19 69 861457.8125
20 69 893769.4375
21 69 924555.6250
22 69 953811.5000
23 69 981533.6875
24 69 1007719.7500
25 69 1032368.0625
26 69 1055477.6250
27 69 1077047.6250
28 69 1097077.6250
29 69 1115567.1250
30 69 1132516.0000
31 69 1147924.2500
32 69 1161791.6250
33 69 1174118.3750
34 69 1184904.2500
35 69 1194149.3750
36 69 1201853.6250
37 69 1208017.1250
38 69 1212639.6250
39 69 1215721.3750
40 69 1217262.1250
41 69 1217262.1250
42 69 1215721.3750
43 69 1212639.6250
44 69 1208017.1250
45 69 1201853.6250
46 69 1194149.3750
47 69 1184904.2500
48 69 1174118.3750
49 69 1161791.6250
50 69 1147924.2500
51 69 1132516.0000
52 69 1115567.1250
53 69 1097077.6250
54 69 1077047.6250
55 69 1055477.6250
56 69 1032368.0625
57 69 1007719.7500
58 69 981533.6875
59 69 953811.5000
60 69 924555.6250
61 69 893769.4375
62 69 861457.8125
63 69 827627.5000
64 69 792287.7500
65 69 755451.1250
66 69 717134.1250
67 69 677358.1875
68 69 636151.0625
69 69 593547.6250
70 69 549591.0000
71 69 504333.9375
72 69 457839.9062
73 69 410183.7812
74 69 361452.3750
75 69 311745.0000
76 69 261173.1406
77 69 209860.0312
78 69 157939.5781
79 69 105554.9375
80 69 52856.5547
81 69 0.0000
0 68 0.0000
1 68 56650.4961
2 68 113131.4609
3 68 169276.1719
4 68 224923.3594
5 68 279919.6250
6 68 334121.4062
7 68 387396.6562
8 68 439625.9062
9 68 490702.6875
10 68 540533.9375
11 68 589039.3750
12 68 636151.0625
13 68 681812.5625
14 68 725977.4375
15 68 768608.3750
16 68 809675.6875
17 68 849156.3750
18 68 887032.6875
19 68 923291.2500
20 68 957922.0625
21 68 990918.0625
22 68 1022273.8125
23 68 1051985.7500
24 68 1080051.3750
25 68 1106468.8750
26 68 1131237.1250
27 68 1154355.3750
28 68 1175823.0000
29 68 1195639.6250
30 68 1213805.1250
31 68 1230319.2500
32 68 1245182.1250
33 68 1258393.6250
34 68 1269953.7500
35 68 1279862.3750
36 68 1288119.6250
37 68 1294725.3750
38 68 1299679.7500
39 68 1302982.6250
40 68 1304634.0000
41 68 1304634.0000
42 68 1302982.6250
43 68 1299679.7500
44 68 1294725.3750
45 68 1288119.6250
46 68 1279862.3750
47 68 1269953.7500
48 68 1258393.6250
49 68 1245182.1250
50 68 1230319.2500
51 68 1213805.1250
52 68 1195639.6250
53 68 1175823.0000
54 68 1154355.3750
55 68 1131237.1250
56 68 1106468.8750
57 68 1080051.3750
58 68 1051985.7500
59 68 1022273.8125
60 68 990918.0625
61 68 957922.0625
62 68 923291.2500
63 68 887032.6875
64 68 849156.3750
65 68 809675.6875
66 68 768608.3750
67 68 725977.4375
68 68 681812.5625
69 68 636151.0625
70 68 589039.3750
71 68 540533.9375
72 68 490702.6875
73 68 439625.9062
74 68 387396.6562
75 68 334121.4062
76 68 279919.6250
77 68 224923.3594
78 68 169276.1719
79 68 113131.4609
80 68 56650.4961
81 68 0.0000
0 67 0.0000
1 67 60320.0820
2 67 120459.6562
3 67 180241.1875
4 67 239492.9688
5 67 298051.6562
6 67 355764.4062
7 67 412490.6250
8 67 468103.0312
9 67 522488.3750
10 67 575547.4375
11 67 627194.8125
12 67 677358.1875
13 67 725977.4375
14 67 773003.1250
15 67 818395.5000
16 67 862123.0000
17 67 904161.0625
18 67 944490.8125
19 67 983098.0000
20 67 1019972.0625
21 67 1055105.3750
22 67 1088492.2500
23 67 1120128.7500
24 67 1150012.3750
25 67 1178141.0000
26 67 1204513.6250
27 67 1229129.2500
28 67 1251987.3750
29 67 1273087.6250
30 67 1292429.8750
31 67 1310013.7500
32 67 1325839.3750
33 67 1339906.7500
34 67 1352215.6250
35 67 1362766.1250
36 67 1371558.2500
37 67 1378591.8750
38 67 1383867.1250
39 67 1387384.0000
40 67 1389142.3750
41 67 1389142.3750
42 67 1387384.0000
43 67 1383867.1250
44 67 1378591.8750
45 67 1371558.2500
46 67 1362766.1250
47 67 1352215.6250
48 67 1339906.7500
49 67 1325839.3750
50 67 1310013.7500
51 67 1292429.8750
52 67 1273087.6250
53 67 1251987.3750
54 67 1229129.2500
55 67 1204513.6250
56 67 1178141.0000
57 67 1150012.3750
58 67 1120128.7500
59 67 1088492.2500
60 67 1055105.3750
61 67 1019972.0625
62 67 983098.0000
63 67 944490.8125
64 67 904161.0625
65 67 862123.0000
66 67 818395.5000
67 67 773003.1250
68 67 725977.4375
69 67 677358.1875
70 67 627194.8125
71 67 575547.4375
72 67 522488.3750
73 67 468103.0312
74 67 412490.6250
75 67 355764.4062
76 67 298051.6562
77 67 239492.9688
78 67 180241.1875
79 67 120459.6562
80 67 60320.0820
81 67 0.0000
0 66 0.0000
1 66 63862.2148
2 66 127533.3203
3 66 190825.3594
4 66 253556.5312
5 66 315553.9375
6 66 376655.7188
7 66 436713.0000
8 66 495591.0938
9 66 553170.0625
10 66 609344.8125
11 66 664025.0625
12 66 717134.1250
13 66 768608.3750
14 66 818395.5000
15 66 866453.4375
16 66 912748.6875
17 66 957255.3125
18 66 999953.2500
19 66 1040827.5000
20 66 1079866.8750
21 66 1117063.2500
22 66 1152410.6250
23 66 1185905.0000
24 66 1217543.3750
25 66 1247323.8750
26 66 1275245.1250
27 66 1301306.1250
28 66 1325506.5000
29 66 1347845.8750
30 66 1368323.8750
31 66 1386940.3750
32 66 1403695.3750
33 66 1418588.6250
34 66 1431620.3750
35 66 1442790.5000
36 66 1452098.8750
37 66 1459545.6250
38 66 1465130.6250
39 66 1468853.8750
40 66 1470715.6250
41 66 1470715.6250
42 66 1468853.8750
43 66 1465130.6250
44 66 1459545.6250
45 66 1452098.8750
46 66 1442790.5000
47 66 1431620.3750
48 66 1418588.6250
49 66 1403695.3750
50 66 1386940.3750
51 66 1368323.8750
52 66 1347845.8750
53 66 1325506.5000
54 66 1301306.1250
55 66 1275245.1250
56 66 1247323.8750
57 66 1217543.3750
58 66 1185905.0000
59 66 1152410.6250
60 66 1117063.2500
61 66 1079866.8750
62 66 1040827.5000
63 66 999953.2500
64 66 957255.3125
65 66 912748.6875
66 66 866453.4375
67 66 818395.5000
68 66 768608.3750
69 66 717134.1250
70 66 664025.0625
71 66 609344.8125
72 66 553170.0625
73 66 495591.0938
74 66 436713.0000
75 66 376655.7188
76 66 315553.9375
77 66 253556.5312
78 66 190825.3594
79 66 127533.3203
80 66 63862.2148
81 66 0.0000
0 65 0.0000
1 65 67274.4375
2 65 134347.5469
3 65 201021.3281
4 65 267104.3125
5 65 332414.2812
6 65 396780.7812
7 65 460046.9688
8 65 522070.9688
9 65 582726.3750
10 65 641902.5625
11 65 699504.4375
12 65 755451.1250
13 65 809675.6875
14 65 862123.0000
15 65 912748.6875
16 65 961517.5000
17 65 1008402.1250
18 65 1053381.3750
19 65 1096439.6250
20 65 1137565.0000
21 65 1176748.7500
22 65 1213984.7500
23 65 1249268.7500
24 65 1282597.5000
25 65 1313969.2500
26 65 1343382.2500
27 65 1370835.7500
28 65 1396329.2500
29 65 1419862.2500
30 65 1441434.3750
31 65 1461045.5000
32 65 1478695.7500
33 65 1494384.8750
34 65 1508112.8750
35 65 1519879.7500
36 65 1529685.5000
37 65 1537530.1250
38 65 1543413.5000
39 65 1547335.7500
40 65 1549296.8750
41 65 1549296.8750
42 65 1547335.7500
43 65 1543413.5000
44 65 1537530.1250
45 65 1529685.5000
46 65 1519879.7500
47 65 1508112.8750
48 65 1494384.8750
49 65 1478695.7500
50 65 1461045.5000
51 65 1441434.3750
52 65 1419862.2500
53 65 1396329.2500
54 65 1370835.7500
55 65 1343382.2500
56 65 1313969.2500
57 65 1282597.5000
58 65 1249268.7500
59 65 1213984.7500
60 65 1176748.7500
61 65 1137565.0000
62 65 1096439.6250
63 65 1053381.3750
64 65 1008402.1250
65 65 961517.5000
66 65 912748.6875
67 65 862123.0000
68 65 809675.6875
69 65 755451.1250
70 65 699504.4375
71 65 641902.5625
72 65 582726.3750
73 65 522070.9688
74 65 460046.9688
75 65 396780.7812
76 65 332414.2812
77 65 267104.3125
78 65 201021.3281
79 65 134347.5469
80 65 67274.4375
81 65 0.0000
0 64 0.0000
1 64 70554.8203
2 64 140898.5000
3 64 210823.3906
4 64 280128.6562
5 64 348623.2188
6 64 416128.2812
7 64 482479.4375
8 64 547527.7500
9 64 611140.8125
10 64 673202.5000
11 64 733613.0000
12 64 792287.7500
13 64 849156.3750
14 64 904161.0625
15 64 957255.3125
16 64 1008402.1250
17 64 1057572.7500
18 64 1104745.3750
19 64 1149903.2500
20 64 1193033.7500
21 64 1234128.1250
22 64 1273179.8750
23 64 1310184.3750
24 64 1345138.2500
25 64 1378039.6250
26 64 1408886.8750
27 64 1437679.1250
28 64 1464415.6250
29 64 1489096.1250
30 64 1511720.1250
31 64 1532287.5000
32 64 1550798.3750
33 64 1567252.5000
34 64 1581650.0000
35 64 1593990.6250
36 64 1604274.5000
37 64 1612501.6250
38 64 1618671.8750
39 64 1622785.3750
40 64 1624842.1250
41 64 1624842.1250
42 64 1622785.3750
43 64 1618671.8750
44 64 1612501.6250
45 64 1604274.5000
46 64 1593990.6250
47 64 1581650.0000
48 64 1567252.5000
49 64 1550798.3750
50 64 1532287.5000
51 64 1511720.1250
52 64 1489096.1250
53 64 1464415.6250
54 64 1437679.1250
55 64 1408886.8750
56 64 1378039.6250
57 64 1345138.2500
58 64 1310184.3750
59 64 1273179.8750
60 64 1234128.1250
61 64 1193033.7500
62 64 1149903.2500
63 64 1104745.3750
64 64 1057572.7500
65 64 1008402.1250
66 64 957255.3125
67 64 904161.0625
68 64 849156.3750
69 64 792287.7500
70 64 733613.0000
71 64 673202.5000
72 64 611140.8125
73 64 547527.7500
74 64 482479.4375
75 64 416128.2812
76 64 348623.2188
77 64 280128.6562
78 64 210823.3906
79 64 140898.5000
80 64 70554.8203
81 64 0.0000
0 63 0.0000
1 63 73701.9062
2 63 147183.2500
3 63 220227.1406
4 63 292623.7500
5 63 364173.4688
6 63 434689.5938
7 63 504000.2812
8 63 571950.1250
9 63 638400.5625
10 63 703230.4375
11 63 766335.5625
12 63 827627.5000
13 63 887032.6875
14 63 944490.8125
15 63 999953.2500
16 63 1053381.3750
17 63 1104745.3750
18 63 1154022.1250
19 63 1201194.1250
20 63 1246248.5000
21 63 1289175.8750
22 63 1329969.3750
23 63 1368624.3750
24 63 1405137.3750
25 63 1439506.3750
26 63 1471729.5000
27 63 1501806.1250
28 63 1529735.2500
29 63 1555516.5000
30 63 1579149.5000
31 63 1600634.3750
32 63 1619970.8750
33 63 1637159.0000
34 63 1652198.5000
35 63 1665089.7500
36 63 1675832.3750
37 63 1684426.3750
38 63 1690871.8750
39 63 1695168.8750
40 63 1697317.3750
41 63 1697317.3750
42 63 1695168.8750
43 63 1690871.8750
44 63 1684426.3750
45 63 1675832.3750
46 63 1665089.7500
47 63 1652198.5000
48 63 1637159.0000
49 63 1619970.8750
50 63 1600634.3750
51 63 1579149.5000
52 63 1555516.5000
53 63 1529735.2500
54 63 1501806.1250
55 63 1471729.5000
56 63 1439506.3750
57 63 1405137.3750
58 63 1368624.3750
59 63 1329969.3750
60 63 1289175.8750
61 63 1246248.5000
62 63 1201194.1250
63 63 1154022.1250
64 63 1104745.3750
65 63 1053381.3750
66 63 999953.2500
67 63 944490.8125
68 63 887032.6875
69 63 827627.5000
70 63 766335.5625
71 63 703230.4375
72 63 638400.5625
73 63 571950.1250
74 63 504000.2812
75 63 434689.5938
76 63 364173.4688
77 63 292623.7500
78 63 220227.1406
79 63 147183.2500
80 63 73701.9062
81 63 0.0000
0 62 0.0000
1 62 76714.5781
2 62 153199.5781
3 62 229229.2188
4 62 304585.1250
5 62 379059.5312
6 62 452458.0938
7 62 524601.9375
8 62 595329.3125
9 62 664496.0000
10 62 731975.9375
11 62 797660.5000
12 62 861457.8125
13 62 923291.2500
14 62 983098.0000
15 62 1040827.5000
16 62 1096439.6250
17 62 1149903.2500
18 62 1201194.1250
19 62 1250294.2500
20 62 1297190.2500
21 62 1341872.2500
22 62 1384333.2500
23 62 1424568.2500
24 62 1462573.8750
25 62 1498347.6250
26 62 1531888.1250
27 62 1563193.8750
28 62 1592264.7500
29 62 1619099.8750
30 62 1643699.0000
31 62 1666062.0000
32 62 1686189.0000
33 62 1704079.6250
34 62 1719733.8750
35 62 1733152.0000
36 62 1744333.7500
37 62 1753279.0000
38 62 1759988.0000
39 62 1764460.6250
40 62 1766697.0000
41 62 1766697.0000
42 62 1764460.6250
43 62 1759988.0000
44 62 1753279.0000
45 62 1744333.7500
46 62 1733152.0000
47 62 1719733.8750
48 62 1704079.6250
49 62 1686189.0000
50 62 1666062.0000
51 62 1643699.0000
52 62 1619099.8750
53 62 1592264.7500
54 62 1563193.8750
55 62 1531888.1250
56 62 1498347.6250
57 62 1462573.8750
58 62 1424568.2500
59 62 1384333.2500
60 62 1341872.2500
61 62 1297190.2500
62 62 1250294.2500
63 62 1201194.1250
64 62 1149903.2500
65 62 1096439.6250
66 62 1040827.5000
67 62 983098.0000
68 62 923291.2500
69 62 861457.8125
70 62 797660.5000
71 62 731975.9375
72 62 664496.0000
73 62 595329.3125
74 62 524601.9375
75 62 452458.0938
76 62 379059.5312
77 62 304585.1250
78 62 229229.2188
79 62 153199.5781
80 62 76714.5781
81 62 0.0000
0 61 0.0000
1 61 79592.0000
2 61 158945.8281
3 61 237827.2031
4 61 316009.5625
5 61 393277.3750
6 61 469429.0000
7 61 544278.8125
8 61 617659.0000
9 61 689420.0000
10 61 759431.0000
11 61 827579.1875
12 61 893769.4375
13 61 957922.0625
14 61 1019972.0625
15 61 1079866.8750
16 61 1137565.0000
17 61 1193033.7500
18 61 1246248.5000
19 61 1297190.2500
20 61 1345845.2500
21 61 1392203.1250
22 61 1436256.7500
23 61 1478000.8750
24 61 1517432.0000
25 61 1554547.5000
26 61 1589346.0000
27 61 1621826.1250
28 61 1651987.2500
29 61 1679828.8750
30 61 1705350.7500
31 61 1728552.5000
32 61 1749434.2500
33 61 1767996.0000
34 61 1784237.6250
35 61 1798158.8750
36 61 1809760.0000
37 61 1819040.7500
38 61 1826001.5000
39 61 1830641.8750
40 61 1832962.1250
41 61 1832962.1250
42 61 1830641.8750
43 61 1826001.5000
44 61 1819040.7500
45 61 1809760.0000
46 61 1798158.8750
47 61 1784237.6250
48 61 1767996.0000
49 61 1749434.2500
50 61 1728552.5000
51 61 1705350.7500
52 61 1679828.8750
53 61 1651987.2500
54 61 1621826.1250
55 61 1589346.0000
56 61 1554547.5000
57 61 1517432.0000
58 61 1478000.8750
59 61 1436256.7500
60 61 1392203.1250
61 61 1345845.2500
62 61 1297190.2500
63 61 1246248.5000
64 61 1193033.7500
65 61 1137565.0000
66 61 1079866.8750
67 61 1019972.0625
68 61 957922.0625
69 61 893769.4375
70 61 827579.1875
71 61 759431.0000
72 61 689420.0000
73 61 617659.0000
74 61 544278.8125
75 61 469429.0000
76 61 393277.3750
77 61 316009.5625
78 61 237827.2031
79 61 158945.8281
80 61 79592.0000
81 61 0.0000
0 60 0.0000
1 60 82333.5859
2 60 164420.7812
3 60 246019.2656
4 60 326894.6562
5 60 406824.0000
6 60 485598.6875
7 60 563026.7500
8 60 638934.5625
9 60 713167.3750
10 60 785589.8125
11 60 856085.4375
12 60 924555.6250
13 60 990918.0625
14 60 1055105.3750
15 60 1117063.2500
16 60 1176748.7500
17 60 1234128.1250
18 60 1289175.8750
19 60 1341872.2500
20 60 1392203.1250
21 60 1440157.7500
22 60 1485728.8750
23 60 1528911.0000
24 60 1569700.2500
25 60 1608094.2500
26 60 1644091.3750
27 60 1677690.2500
28 60 1708890.2500
29 60 1737691.0000
30 60 1764091.8750
31 60 1788093.0000
32 60 1809694.0000
33 60 1828895.0000
34 60 1845696.0000
35 60 1860096.8750
36 60 1872097.5000
37 60 1881698.1250
38 60 1888898.5000
39 60 1893698.8750
40 60 1896099.0000
41 60 1896099.0000
42 60 1893698.8750
43 60 1888898.5000
44 60 1881698.1250
45 60 1872097.5000
46 60 1860096.8750
47 60 1845696.0000
48 60 1828895.0000
49 60 1809694.0000
50 60 1788093.0000
51 60 1764091.8750
52 60 1737691.0000
53 60 1708890.2500
54 60 1677690.2500
55 60 1644091.3750
56 60 1608094.2500
57 60 1569700.2500
58 60 1528911.0000
59 60 1485728.8750
60 60 1440157.7500
61 60 1392203.1250
62 60 1341872.2500
63 60 1289175.8750
64 60 1234128.1250
65 60 1176748.7500
66 60 1117063.2500
67 60 1055105.3750
68 60 990918.0625
69 60 924555.6250
70 60 856085.4375
71 60 785589.8125
72 60 713167.3750
73 60 638934.5625
74 60 563026.7500
75 60 485598.6875
76 60 406824.0000
77 60 326894.6562
78 60 246019.2656
79 60 164420.7812
80 60 82333.5859
81 60 0.0000
0 59 0.0000
1 59 84938.8984
2 59 169623.6094
3 59 253804.1406
4 59 337238.7188
5 59 419697.2500
6 59 500964.6250
7 59 580842.8125
8 59 659152.5000
9 59 735734.2500
10 59 810448.4375
11 59 883174.7500
12 59 953811.5000
13 59 1022273.8125
14 59 1088492.2500
15 59 1152410.6250
16 59 1213984.7500
17 59 1273179.8750
18 59 1329969.3750
19 59 1384333.2500
20 59 1436256.7500
21 59 1485728.8750
22 59 1532742.0000
23 59 1577290.5000
24 59 1619370.5000
25 59 1658979.5000
26 59 1696115.6250
27 59 1730777.7500
28 59 1762965.0000
29 59 1792677.1250
30 59 1819913.3750
31 59 1844673.8750
32 59 1866958.5000
33 59 1886767.1250
34 59 1904099.7500
35 59 1918956.2500
36 59 1931336.6250
37 59 1941241.0000
38 59 1948669.2500
39 59 1953621.3750
40 59 1956097.5000
41 59 1956097.5000
42 59 1953621.3750
43 59 1948669.2500
44 59 1941241.0000
45 59 1931336.6250
46 59 1918956.2500
47 59 1904099.7500
48 59 1886767.1250
49 59 1866958.5000
50 59 1844673.8750
51 59 1819913.3750
52 59 1792677.1250
53 59 1762965.0000
54 59 1730777.7500
55 59 1696115.6250
56 59 1658979.5000
57 59 1619370.5000
58 59 1577290.5000
59 59 1532742.0000
60 59 1485728.8750
61 59 1436256.7500
62 59 1384333.2500
63 59 1329969.3750
64 59 1273179.8750
65 59 1213984.7500
66 59 1152410.6250
67 59 1088492.2500
68 59 1022273.8125
69 59 953811.5000
70 59 883174.7500
71 59 810448.4375
72 59 735734.2500
73 59 659152.5000
74 59 580842.8125
75 59 500964.6250
76 59 419697.2500
77 59 337238.7188
78 59 253804.1406
79 59 169623.6094
80 59 84938.8984
81 59 0.0000
0 58 0.0000
1 58 87407.6172
2 58 174553.6719
3 58 261180.8906
4 58 347040.4688
5 58 431895.6562
6 58 515525.0312
7 58 597724.8125
8 58 678310.5625
9 58 757118.1250
10 58 834003.8750
11 58 908843.9375
12 58 981533.6875
13 58 1051985.7500
14 58 1120128.7500
15 58 1185905.0000
16 58 1249268.7500
17 58 1310184.3750
18 58 1368624.3750
19 58 1424568.2500
20 58 1478000.8750
21 58 1528911.0000
22 58 1577290.5000
23 58 1623133.8750
24 58 1666436.8750
25 58 1707197.1250
26 58 1745412.6250
27 58 1781082.1250
28 58 1814205.0000
29 58 1844780.5000
30 58 1872808.5000
31 58 1898288.6250
32 58 1921220.8750
33 58 1941605.2500
34 58 1959441.6250
35 58 1974730.0000
36 58 1987470.2500
37 58 1997662.5000
38 58 2005306.6250
39 58 2010402.7500
40 58 2012950.8750
41 58 2012950.8750
42 58 2010402.7500
43 58 2005306.6250
44 58 1997662.5000
45 58 1987470.2500
46 58 1974730.0000
47 58 1959441.6250
48 58 1941605.2500
49 58 1921220.8750
50 58 1898288.6250
51 58 1872808.5000
52 58 1844780.5000
53 58 1814205.0000
54 58 1781082.1250
55 58 1745412.6250
56 58 1707197.1250
57 58 1666436.8750
58 58 1623133.8750
59 58 1577290.5000
60 58 1528911.0000
61 58 1478000.8750
62 58 1424568.2500
63 58 1368624.3750
64 58 1310184.3750
65 58 1249268.7500
66 58 1185905.0000
67 58 1120128.7500
68 58 1051985.7500
69 58 981533.6875
70 58 908843.9375
71 58 834003.8750
72 58 757118.1250
73 58 678310.5625
74 58 597724.8125
75 58 515525.0312
76 58 431895.6562
77 58 347040.4688
78 58 261180.8906
79 58 174553.6719
80 58 87407.6172
81 58 0.0000
0 57 0.0000
1 57 89739.5547
2 57 179210.5469
3 57 268148.8750
4 57 356299.0625
5 57 443418.0938
6 57 529278.6250
7 57 613671.3750
8 57 696407.0000
9 57 777317.0625
10 57 856254.0625
11 57 933090.7500
12 57 1007719.7500
13 57 1080051.3750
14 57 1150012.3750
15 57 1217543.3750
16 57 1282597.5000
17 57 1345138.2500
18 57 1405137.3750
19 57 1462573.8750
20 57 1517432.0000
21 57 1569700.2500
22 57 1619370.5000
23 57 1666436.8750
24 57 1710895.3750
25 57 1752743.0000
26 57 1791978.0000
27 57 1828599.1250
28 57 1862605.6250
29 57 1893997.0000
30 57 1922772.6250
31 57 1948932.6250
32 57 1972476.7500
33 57 1993404.8750
34 57 2011717.1250
35 57 2027413.3750
36 57 2040493.5000
37 57 2050957.6250
38 57 2058805.7500
39 57 2064037.8750
40 57 2066653.8750
41 57 2066653.8750
42 57 2064037.8750
43 57 2058805.7500
44 57 2050957.6250
45 57 2040493.5000
46 57 2027413.3750
47 57 2011717.1250
48 57 1993404.8750
49 57 1972476.7500
50 57 1948932.6250
51 57 1922772.6250
52 57 1893997.0000
53 57 1862605.6250
54 57 1828599.1250
55 57 1791978.0000
56 57 1752743.0000
57 57 1710895.3750
58 57 1666436.8750
59 57 1619370.5000
60 57 1569700.2500
61 57 1517432.0000
62 57 1462573.8750
63 57 1405137.3750
64 57 1345138.2500
65 57 1282597.5000
66 57 1217543.3750
67 57 1150012.3750
68 57 1080051.3750
69 57 1007719.7500
70 57 933090.7500
71 57 856254.0625
72 57 777317.0625
73 57 696407.0000
74 57 613671.3750
75 57 529278.6250
76 57 443418.0938
77 57 356299.0625
78 57 268148.8750
79 57 179210.5469
80 57 89739.5547
81 57 0.0000
0 56 0.0000
1 56 91934.5469
2 56 183593.9688
3 56 274707.6875
4 56 365014.0000
5 56 454263.9375
6 56 542224.5625
7 56 628681.5000
8 56 713440.8125
9 56 796329.8750
10 56 877197.6250
11 56 955913.7500
12 56 1032368.0625
13 56 1106468.8750
14 56 1178141.0000
15 56 1247323.8750
16 56 1313969.2500
17 56 1378039.6250
18 56 1439506.3750
19 56 1498347.6250
20 56 1554547.5000
21 56 1608094.2500
22 56 1658979.5000
23 56 1707197.1250
24 56 1752743.0000
25 56 1795614.2500
26 56 1835809.0000
27 56 1873325.8750
28 56 1908164.1250
29 56 1940323.2500
30 56 1969802.7500
31 56 1996602.6250
32 56 2020722.6250
33 56 2042162.6250
34 56 2060922.8750
35 56 2077002.8750
36 56 2090403.0000
37 56 2101123.0000
38 56 2109163.2500
39 56 2114523.2500
40 56 2117203.2500
41 56 2117203.2500
42 56 2114523.2500
43 56 2109163.2500
44 56 2101123.0000
45 56 2090403.0000
46 56 2077002.8750
47 56 2060922.8750
48 56 2042162.6250
49 56 2020722.6250
50 56 1996602.6250
51 56 1969802.7500
52 56 1940323.2500
53 56 1908164.1250
54 56 1873325.8750
55 56 1835809.0000
56 56 1795614.2500
57 56 1752743.0000
58 56 1707197.1250
59 56 1658979.5000
60 56 1608094.2500
61 56 1554547.5000
62 56 1498347.6250
63 56 1439506.3750
64 56 1378039.6250
65 56 1313969.2500
66 56 1247323.8750
67 56 1178141.0000
68 56 1106468.8750
69 56 1032368.0625
70 56 955913.7500
71 56 877197.6250
72 56 796329.8750
73 56 713440.8125
74 56 628681.5000
75 56 542224.5625
76 56 454263.9375
77 56 365014.0000
78 56 274707.6875
79 56 183593.9688
80 56 91934.5469
81 56 0.0000
0 55 0.0000
1 55 93992.5000
2 55 187703.7188
3 55 280857.0312
4 55 373184.8438
5 55 464432.6250
6 55 554362.1875
7 55 642754.5000
8 55 729411.1250
9 55 814155.6875
10 55 896833.6250
11 55 977311.8125
12 55 1055477.6250
13 55 1131237.1250
14 55 1204513.6250
15 55 1275245.1250
16 55 1343382.2500
17 55 1408886.8750
18 55 1471729.5000
19 55 1531888.1250
20 55 1589346.0000
21 55 1644091.3750
22 55 1696115.6250
23 55 1745412.6250
24 55 1791978.0000
25 55 1835809.0000
26 55 1876903.5000
27 55 1915260.1250
28 55 1950878.2500
29 55 1983757.2500
30 55 2013896.6250
31 55 2041296.3750
32 55 2065956.3750
33 55 2087876.3750
34 55 2107056.5000
35 55 2123496.5000
36 55 2137196.5000
37 55 2148156.5000
38 55 2156376.7500
39 55 2161856.7500
40 55 2164596.7500
41 55 2164596.7500
42 55 2161856.7500
43 55 2156376.7500
44 55 2148156.5000
45 55 2137196.5000
46 55 2123496.5000
47 55 2107056.5000
48 55 2087876.3750
49 55 2065956.3750
50 55 2041296.3750
51 55 2013896.6250
52 55 1983757.2500
53 55 1950878.2500
54 55 1915260.1250
55 55 1876903.5000
56 55 1835809.0000
57 55 1791978.0000
58 55 1745412.6250
59 55 1696115.6250
60 55 1644091.3750
61 55 1589346.0000
62 55 1531888.1250
63 55 1471729.5000
64 55 1408886.8750
65 55 1343382.2500
66 55 1275245.1250
67 55 1204513.6250
68 55 1131237.1250
69 55 1055477.6250
70 55 977311.8125
71 55 896833.6250
72 55 814155.6875
73 55 729411.1250
74 55 642754.5000
75 55 554362.1875
76 55 464432.6250
77 55 373184.8438
78 55 280857.0312
79 55 187703.7188
80 55 93992.5000
81 55 0.0000
0 54 0.0000
1 54 95913.3516
2 54 191539.6719
3 54 286596.6875
4 54 380811.3125
5 54 473923.8750
6 54 565691.2500
7 54 655889.9375
8 54 744317.5000
9 54 830793.9375
10 54 915161.4375
11 54 997284.3750
12 54 1077047.6250
13 54 1154355.3750
14 54 1229129.2500
15 54 1301306.1250
16 54 1370835.7500
17 54 1437679.1250
18 54 1501806.1250
19 54 1563193.8750
20 54 1621826.1250
21 54 1677690.2500
22 54 1730777.7500
23 54 1781082.1250
24 54 1828599.1250
25 54 1873325.8750
